17	40.3980741	-80.0833859
69	40.4081422	-80.0851737
779	40.407091	-79.916958
76	40.413496	-79.9044562
679	40.4094353	-79.9152619
1254	40.405311	-79.912595
393	40.4092932	-79.9141865
66	40.4094353	-79.9152619
405	40.4089836	-79.9148477
673	40.4111498	-79.908469
962	40.4040168	-79.918751
951	40.4070709	-79.917508
972	40.410874319	-79.9155451419
296	40.410967	-79.9141364
866	40.4073551	-79.9158429
944	40.407174	-79.916603
611	40.4121132	-79.9113203
945	40.4113236	-79.9132525
427	40.4088783792	-79.9180894261
368	40.468873	-80.0599791
1298	40.495483	-80.065652
1246	40.4637827	-79.9319497
843	40.450249	-79.9145
245	40.4574725	-79.9100339
740	40.4748883	-79.9188657
563	40.4583902	-79.9255146
1268	40.4592603	-79.931445
772	40.4605052	-79.9253403
602	40.4651804861	-79.9220609665
1192	40.4582251	-79.9251182
728	40.4585106475	-79.9288301986
648	40.458138	-79.924797
800	40.464485	-79.935388
249	40.4572561	-79.9253542
986	40.4481991	-79.8954753
607	40.4496169181	-79.8988556098
835	40.4578038	-79.9274383
973	40.446587	-79.902277
131	40.4115087	-79.9558863
482	40.4216133	-79.9934293
737	40.4531335	-80.0013672
204	40.4551576	-79.999728
332	40.4621686	-80.0190648
216	40.444011	-79.950361
172	40.4566092	-80.0015054
596	40.4513311	-80.0010493
297	40.4480678	-80.0042395
539	40.4527029402	-80.0066578388
32	40.4459596592	-80.0169205774
782	40.3996765	-80.0434133
230	40.3885629	-80.0493898
608	40.3942666	-80.0350906
199	40.4127159	-80.0303354
138	40.3897336	-80.0409102
62	40.396012	-80.034727
117	40.3886105	-80.0499034
98	40.432022	-79.893834
852	40.432599	-79.894243
165	40.4175696	-79.8879525
1305	40.392287	-80.070269
18	40.3906976	-80.070806
682	40.440177	-80.0021399
1281	40.4585236344	-79.9292063713
826	40.4483207	-80.0043186
684	40.4441681	-79.994852
675	40.4439388	-80.0006057
662	40.4429033	-80.0025614
937	40.450964	-79.984628
1259	40.458139	-79.928437
581	40.440287	-80.002585
113	40.4514856	-79.9834035
247	40.4505899	-79.9842832
988	40.441253	-80.0030696
206	40.4432077	-80.0021285
1255	40.4432466658	-80.0022544159
367	40.455916	-79.979271
878	40.442533	-80.000855
1470	40.4504367	-79.9852163
546	40.436969	-80.0004543
359	40.4514869	-79.9828538
1295	40.449767	-79.986418
757	40.4397214839	-80.0013742593
839	40.4521267	-79.982872
681	40.450111	-79.9858749
270	40.4464777	-79.9916741
678	40.4431259036	-80.0015651596
54	40.4634021	-79.9776298
892	40.4421419	-79.996955
815	40.4394267	-80.0038037
674	40.4519376	-79.9831293
1296	40.4507487	-79.9848259
560	40.4570498	-79.9756514
669	40.4430419	-79.9986943
890	40.4436238	-79.9963285
150	40.4512014	-79.9834072
1360	40.4429498	-79.9986476
530	40.4387143	-79.9994904
382	40.450211	-79.98572
284	40.4484631	-79.9894086
271	40.4398391119	-80.0028862632
941	40.450237	-79.985665
423	40.4438005	-80.0023331
257	40.4458133275	-79.9962221769
207	40.4410134	-80.0019815
250	40.44389	-79.9985899
272	40.4534271	-79.9809286
1320	40.4432622	-80.0026232
949	40.4610792	-79.9479205
982	40.456227	-79.940241
344	40.4611862	-79.9477047
901	40.4608026	-79.9479065
1318	40.4653251	-79.943809
532	40.4626986	-79.9515229
1354	40.4649763	-79.9412031
1262	40.4653958	-79.9445114
847	40.4618603	-79.948546
225	40.4657149	-79.953504
1231	40.4636708	-79.948991
377	40.4620697	-79.9493553
213	40.4653036	-79.9559332
258	40.45639	-79.941311
244	40.4606393	-79.9471799
31	40.4627572	-79.9506735
963	40.461739	-79.9486639
231	40.4646964	-79.9541448
1227	40.458267	-79.942274
498	40.4625543	-79.950173
531	40.462632	-79.950246
426	40.458394	-79.9436629
770	40.4625496053	-79.9497600693
1258	40.384633	-80.015649
0	40.405245	-80.018538
613	40.4107462	-80.0064634
142	40.3949279	-80.0220174
191	40.3830261	-80.0153449
91	40.3796549065	-80.0448643438
64	40.380192	-80.044459
115	40.3818121	-80.0444905
101	40.3798256	-80.0446104
786	40.3821568	-80.0441272
259	40.357213	-80.0520951
724	40.4513477	-79.9327682
1247	40.4575541	-79.9290894
660	40.456746	-79.9294479
1194	40.4567693	-79.9292802
504	40.4571033	-79.9296345
615	40.4571033	-79.9296345
1241	40.456737	-79.9301601
575	40.455955	-79.931338
1260	40.451566	-79.931741
428	40.4516538606	-79.9327178369
470	40.4558761	-79.9381788
56	40.4514452209	-79.9337325513
1228	40.45109	-79.9343681
336	40.451668	-79.932915
997	40.451832	-79.932424
877	40.4507424	-79.9357149
242	40.4511684	-79.9327743
755	40.453359	-79.931454
585	40.4563396	-79.9346032
876	40.4514772	-79.9323061
1472	40.4509182	-79.9338159
415	40.4512017	-79.9345853
873	40.451723	-79.932833
1473	40.4512703	-79.9345528
544	40.4515828358	-79.932869839
726	40.4516361	-79.9333919
555	40.4571266518	-79.9377973675
432	40.450866	-79.933919
717	40.4508247	-79.9334641
586	40.4890230106	-79.8926940962
1561	40.4876529256	-79.8806163564
396	40.4895888	-79.8723628
1599	35.2279912	-80.843388
655	35.2205434098	-80.9440454026
1088	33.4505535	-112.0741097
1378	33.4460091	-112.0712364
1048	33.4621673363	-111.944971501
1502	33.449922	-111.946613
1393	33.4477311233	-111.953285588
1387	33.5006213	-112.0743113
1428	33.5097731	-112.0756045
1452	33.5104258	-112.0284918
1116	33.5309678	-112.0142602
1509	33.5075394	-112.0375184
1505	33.523043	-112.026658
1416	33.5094591	-112.0291023
1092	33.5021111	-111.9963386
1586	33.5106537	-111.9866156
1585	33.4947745	-112.0000425
1423	33.6031987895	-111.978970122
1592	33.4485562	-112.05742
1002	33.4357166	-112.0067166
188	33.4461951337	-111.974934614
1381	33.4362545	-112.0356497
919	33.4340647311	-111.994457245
1526	33.3192686115	-111.982239
1510	33.3194684	-111.9777184
1484	33.3711363	-111.9740268
1506	33.6931139271	-111.997843323
1364	33.5388426	-112.1326376
433	33.3927653	-111.8076814
1368	33.3652385	-111.8585968
1527	33.384734	-111.857879
1583	33.3192304	-111.8741469
452	33.321111	-111.8598034
466	33.3113830747	-111.859603856
447	33.3195311251	-111.874307021
434	33.3063855	-111.8931217
435	33.3019210712	-111.897036061
1519	33.3192892	-111.9680026
1372	33.3052731	-111.8965223
454	33.2623842598	-111.860266111
458	33.2344417	-111.86339
1134	33.5366867814	-111.922869651
1141	33.5105145	-111.9111238
1175	33.53814	-111.885036
1053	33.5387595861	-111.884895472
1122	33.5105345591	-111.91040174
1485	33.5817599186	-111.888638735
1543	33.5547562	-111.900176
1511	33.5509233	-111.9239797
1486	33.5572613	-111.8993894
1147	33.5819029	-111.9252145
1446	33.620547	-111.898142
1369	33.393496	-111.914905
1	33.3928537	-111.9389754
9	33.4082862	-111.9168734
2	33.395818	-111.9396104
3	33.4071625343	-111.909648747
23	33.4070609	-111.9547907
1604	33.4035371	-111.9709396
1384	33.329129	-111.795261
334	40.474513	-79.9578945
232	40.470474	-79.960431
1232	40.4695091	-79.9617917
282	40.4622063	-79.9644247
1344	40.4301207	-79.9745601
202	40.4284268	-79.9794308
599	40.4266908848	-79.9668827192
798	40.4290442	-79.9830861
395	40.4286664	-79.982864
412	40.4290289	-79.9822249
341	40.4262306	-79.9682216
200	40.4287151	-79.9825489
766	40.4286494	-79.9840364
514	40.4287658	-79.9773699
966	40.4294602	-79.9838282
389	40.4285864	-79.9846737
28	40.4286205	-79.9810684
342	40.4286405	-79.9835419
537	40.428001	-79.972244
357	40.4288308	-79.9867399
1563	40.427256	-79.9687469
343	40.4289303	-79.9866053
590	40.428184	-79.9743249
844	40.4293613	-79.9817741
347	40.4285356	-79.977217
75	40.4263872	-79.9672088
591	40.426803	-79.968973
578	40.4284261	-79.9795379
551	40.429209	-79.990427
1261	40.432	-80.001687
350	40.428858	-79.990906
756	40.4265756	-79.9809836
978	40.42909	-79.981298
348	40.4289537	-79.9842819
663	40.4289089	-79.9871434
222	40.4402775	-80.0808269
145	40.4271652	-80.0557015
208	40.4270451	-79.9496055
952	40.4219252	-79.9288412
1279	40.4263908	-79.9387555
814	40.3513965	-80.026019
335	40.481393	-79.974185
337	40.4812838	-79.9748789
29	40.4398652	-80.017598
1581	40.438109	-80.0185399
226	40.430564	-80.0072443
121	40.4308853149	-80.0069656372
419	40.4387313	-80.0199838
871	40.439059	-80.021242
1285	40.4384852	-80.019282
668	40.426784	-80.005652
545	40.443628	-79.950626
556	40.4412223454	-79.9567410311
515	40.442287	-79.9563515
1297	40.44133	-79.956892
1346	40.4527796	-79.9495128
1339	40.4415702	-79.9573067
548	40.4451449	-79.949084
751	40.441741	-79.9574559
1287	40.4392177	-79.9597183
1245	40.444893	-79.9490053
481	40.4410235	-79.9575175
1233	40.445056	-79.9490592
1280	40.438875	-79.955248
687	40.4412454	-79.9566016
1477	40.454755	-79.954216
1566	40.4541975	-79.947105
1355	40.4416275024	-79.9585952759
1301	40.4368369	-79.9547169
1170	40.4408628	-79.9581821
523	40.4495607	-79.950504
1338	40.4417932	-79.9571431
1272	40.4414677	-79.9574362
985	40.4546881	-79.9461298
1474	40.4412329	-79.957026
903	40.489099	-79.9007219
1560	40.4373791	-79.9231677
783	40.4378247	-79.9200601
593	40.4355091425	-79.9226289759
942	40.4327703	-79.9234435
946	40.4378199	-79.9199427
950	40.4377306	-79.9191595
964	40.4234091	-79.9281375
943	40.4379074	-79.9195552
856	40.4379055	-79.9194854
953	40.4296522	-79.9232478
306	40.4338841	-79.923134
965	40.4378359	-79.9206268
850	40.4326061	-79.9233686
862	40.4378457	-79.9213532
971	40.4338421543	-79.9230824102
542	40.4292017	-79.9223235
133	40.436432	-79.923174
947	40.4382396	-79.922326
37	40.4332453	-79.9232555
1243	40.4377788	-79.9211229
552	40.4372778	-79.9231863
36	40.434399	-79.9229828
870	40.4328918	-79.9232436
650	40.4378655	-79.9226711
1282	40.4321506	-79.9234024
948	40.4377489	-79.92187
886	40.4362552	-79.9227135
1306	40.4378475933	-79.9228814523
246	40.435293	-79.923154
604	40.4371064013	-79.9973292903
691	40.4333831	-80.0036951
25	40.438453	-79.987978
524	40.4437435	-79.9958769
693	40.440592	-79.996589
618	40.439745	-79.993004
570	40.4330076	-80.0045618
479	40.4028552	-79.9171699
255	40.4391577	-79.9978185
400	40.439302	-79.992971
983	40.4309937	-80.0016238
397	40.4568239	-79.9664971
210	40.4338974	-80.0042753
1273	40.4204559623	-79.8513937632
189	40.3596095475	-80.0024414062
362	40.4514882	-80.018326
345	40.4516136	-80.0174961
994	40.4330076	-80.0045618
236	40.4571824	-79.991475
497	40.4330076	-80.0045618
273	40.439226	-80.0017249
742	40.4534775	-79.9822567
979	40.4313077145	-80.0019075326
803	40.4520948	-80.0164506
256	40.4512238	-80.0200654
19	40.4534315776	-80.0104729897
759	40.4358862	-80.0084868
20	40.4845551024	-79.9189205649
980	40.405053	-79.913952
21	40.4397781	-79.9888158
1171	40.436272	-79.958116
307	40.434127	-80.00605
260	40.433911	-80.005324
820	35.2474048	-80.8043246
915	43.0749396	-89.3872597
1072	33.4360502	-111.994973
1089	33.4503778	-112.0740091
1426	33.4667716102	-112.072746232
1447	33.449016	-112.0767382
10	33.4591334	-112.0915576
1435	33.4467975	-112.0894905
1442	33.4797891	-112.0909944
22	33.5671868	-112.1151852
1148	33.6396215	-112.0877863
1397	33.3624423	-112.0926626
1003	33.5736031	-112.1238211
1412	33.4166023	-111.8336627
1389	33.3073872	-111.8424549
1040	33.492272	-111.923057
1041	33.4918198	-111.9224055
1004	33.4930044	-111.9248852
1104	33.5028371	-111.9294198
1037	33.5028371	-111.9294198
1420	33.4833574	-111.92578
1512	33.5009662	-111.9190866
1142	33.4872518	-111.9206624
1005	33.4937734	-111.9259244
1597	33.4915343	-111.9235743
1544	33.4857015	-111.9093536
1084	33.4994528	-111.9271745
1006	33.4991931	-111.927532
1007	33.508695278	-111.927080154
1123	33.4937481	-111.9307011
1124	33.4929046	-111.9277492
1105	33.4967744	-111.9306588
1008	33.4921674	-111.9230972
1589	33.4997252	-111.9197955
1539	33.4806349	-111.9360844
1009	33.486829	-111.90851
1547	33.5019823	-111.9182417
1149	33.4869906	-111.9101742
1180	33.494512	-111.9299317
1169	33.5004913	-111.9263679
1120	33.4924669	-111.924946
1100	33.4919777	-111.9259023
1125	33.4952592972	-111.928805268
1010	33.4938256	-111.9263957
1513	33.4943122	-111.9242446
1365	33.531397	-111.927212
1011	33.5291141	-111.9258588
1126	33.5294368	-111.9275797
912	33.5394631012	-111.924161911
1514	33.2698342	-111.9841082
1143	33.6412871	-111.9258682
1520	33.4715928	-111.9257135
1487	33.4716681	-111.9265148
1535	33.453287017	-111.926066392
1085	33.4798808	-111.9256121
1478	33.474552	-111.926486
1515	33.419568	-111.916097
1554	33.4245625	-111.9409053
11	33.422728	-111.951494
1528	33.4486235038	-111.926843081
1479	33.4497074	-111.9269618
1529	33.4498657	-111.926431
1507	33.4532764	-111.9268652
1553	33.4492918	-111.9264339
24	33.4240021	-111.9396867
12	33.4229035	-111.9517607
1488	33.427732	-111.943236
1521	33.4235148	-111.9374375
13	33.4199328	-111.9232096
1516	33.426651	-111.940428
14	33.421269	-111.943306
464	33.351139	-111.963499
1379	33.3628465	-111.9106619
1392	33.3633965	-111.9097331
1383	33.3644506	-111.9130869
1401	33.3707709	-111.9106373
1127	33.5314673	-112.2609115
436	33.8301769	-111.9329179
1443	33.581119	-112.2401688
1155	36.031979	-115.009344
318	36.086338	-115.15112
1057	36.081302498	-115.146394884
930	36.1700166	-115.1447934
1144	36.1800444	-115.131106
1256	36.162612	-115.144535
328	36.1188384	-115.1544802
1574	36.1192802485	-115.171309339
631	36.1182729219	-115.173411369
1326	36.1214517	-115.1696112
626	36.11199	-115.177001
990	36.115471	-115.1679198
1073	36.1351635601	-115.16217555
1462	36.1142773	-115.1709763
409	36.1030009	-115.1735161
632	36.1179324	-115.1553873
319	36.1151617	-115.1597903
1215	36.0883812	-115.1506875
193	36.11511815	-115.1497355
1156	36.100642	-115.146429
1157	36.0412834	-115.1833103
290	40.387585632	-79.863623369
677	40.4599557	-79.930726
30	40.4484707	-80.0026762
690	40.4513468	-79.9832444
365	40.4515311	-79.9837292
34	40.4516553	-79.984218
401	40.450111	-79.9858749
506	40.4448107	-79.9484335
874	40.4507376	-79.9341174
422	40.4513611	-79.9325239
1582	33.4491602	-112.0656345
1427	33.4789315	-112.0479163
1385	33.3300111	-111.7909087
991	36.1474201669	-115.155556596
659	36.1433456846	-115.142893326
1195	36.0927885119	-115.176156283
316	36.092875	-115.176247
637	36.1259513087	-115.171051025
484	40.428215	-79.973327
157	40.4288765	-79.9801694
553	40.442147	-79.956513
527	40.438019	-79.954209
664	40.4400334	-79.9559915
879	40.445178	-79.948507
1352	40.4446841	-79.9481068
554	40.4413583	-79.9576968
534	40.437105	-79.9964954
83	40.4507422	-79.9855384
1012	33.4927510539	-111.922925339
1530	33.4833171	-111.9266653
1013	33.5028371	-111.9294198
15	33.4219101	-111.9427819
1014	33.383123	-111.964485
627	36.1120238	-115.1745933
1058	36.1020591692	-115.174372701
641	36.1043329	-115.17601
1059	36.1028937149	-115.174841601
812	36.121189	-115.169657
790	36.1101322	-115.1751284
992	36.1246920085	-115.17178992
41	36.1129524773	-115.172588519
1158	36.0953094235	-115.175804744
320	36.0922940574	-115.174351094
644	36.103053	-115.167691
474	36.122293409	-115.170278879
1540	33.4997287	-111.926495
624	36.1027027606	-115.169267336
917	43.0740105231	-89.3808683753
907	36.1131604088	-115.17640885
1458	36.1102503133	-115.171666064
920	36.12433	-115.170284
652	43.076277	-89.383534
1322	36.1214517	-115.169597789
633	36.092988	-115.177838
911	36.1125266402	-115.171351433
1455	36.1149968128	-115.19534111
909	36.1034537698	-115.170904752
42	36.0901182339	-115.172017635
1459	36.1162194	-115.1745719
1323	36.1255322524	-115.145685354
1327	36.1222764411	-115.17012246
1324	36.1268114073	-115.167401599
102	40.444196791	-79.9534454451
651	40.4571477	-80.012187
914	43.107431	-89.3636588
1456	36.128561	-115.1711298
1015	33.495029	-111.9260628
39	40.4508247	-79.9334641
1587	33.5219518275	-111.974372864
1074	36.1718303	-115.1420069
196	33.4916953	-112.0734977
1075	36.1163474	-115.1723373
1480	33.4986978	-111.9262675
634	36.1013394	-115.1305618
932	36.1068146101	-115.178174973
321	36.0918639	-115.1751614
616	36.11199	-115.177001
1460	36.1178899374	-115.189394611
1328	36.1275008	-115.1659163
1489	33.4587486	-112.0714986
475	36.1448586	-115.1805678
714	40.434156	-79.923207
958	40.4285411	-79.9779834
720	40.4521061	-79.9819651
1317	40.4430211	-79.9967857
1409	33.5025088	-111.9290233
314	36.091884759	-115.175557854
807	36.1123369	-115.1755194
1038	33.5840139	-111.9222691
1319	40.4375833	-80.000437
43	36.09232	-115.175239
1159	36.0902798132	-115.176703209
38	40.4670725	-79.9641251
685	40.442277	-79.956657
1047	33.5053003184	-111.930755167
311	36.1440458	-115.2024651
1572	36.1105588742	-115.169470205
851	40.4382573	-79.9218733
58	40.442799	-80.002503
363	40.4215163	-80.0297296
1575	36.119304	-115.171525
744	36.108713	-115.173192
322	36.112379	-115.174531
1593	33.447091	-112.07149
1117	33.5094287	-112.0299053
1366	33.5478106	-112.0467571
1588	33.5427327031	-112.015478757
406	36.1245384216	-115.172325134
1046	33.5009676076	-111.928515911
1370	33.3624563	-111.9126663
333	40.3928902	-80.0368021
103	40.439248	-79.947347
525	40.4289717	-79.9825413
1314	40.4379424291	-79.922830377
1468	36.118117	-115.187298
605	40.45932	-79.919044
1347	40.437116	-79.9226226
1394	33.4988393	-112.0829285
330	40.4466186	-80.0156681
93	40.4289193	-79.984081
233	40.440219	-79.995385
1440	33.460134	-112.0777678
503	40.4656495	-79.9547421
437	33.355034	-111.7892792
261	40.4444445	-79.996451
355	40.428317	-79.97751
1453	36.1115298819	-115.208816528
1016	33.5017723	-111.9281865
60	40.4460016	-79.9935003
80	40.446175	-80.0082771
1276	40.432509	-79.9228399
1316	40.427545	-79.9691479
806	36.1429035195	-115.174618522
846	40.3606177	-80.0291028
785	40.427086	-79.973273
52	40.4411888	-79.9988332
329	36.1188384	-115.1544802
1571	36.110441	-115.16875
1375	33.4216572978	-111.951169743
4	33.3497429	-111.966374
1060	36.121237	-115.174105
1061	36.0919388468	-115.176587105
628	36.1163674508	-115.176439563
1216	36.1170868557	-115.175335504
796	36.1686668396	-115.140098572
27	40.4473866703	-80.0053249566
1062	36.1035296	-115.1723424
1498	33.424014	-111.938422
927	36.1030009	-115.1735161
954	40.4377104	-79.9228343
1559	33.59627	-112.013169
535	40.435556	-79.923256
1374	33.3478761	-111.909978
629	36.1689657	-115.1403079
1093	33.4946746891	-111.922958252
1441	33.655566	-111.92641
625	36.1017869866	-115.170750618
1288	40.4333064	-79.9231271
51	40.4500306	-79.9138922
1042	33.496647	-111.926503
516	40.4406403	-79.9582222
95	40.4285363	-79.9711849
164	40.4284111	-79.9653483
1536	33.6281017	-111.8912231
1432	33.493449	-111.933953
1265	40.428086	-79.97356
1094	33.3822760655	-111.756743789
601	40.428597	-79.984944
1496	33.4753493	-111.9256575
1196	36.1230025089	-115.168725629
916	43.0608425	-89.4009947
622	36.116765	-115.174595
1274	40.4602716	-79.9251042
683	40.4661709	-79.9648776
5	33.3941262	-111.9394649
1184	40.4325714	-79.8937279
1399	33.5822229	-111.9216833
987	40.42488	-79.98096
40	40.3801120067	-80.0445151838
390	40.4286461	-79.9776187
1076	36.1418125	-115.1800125
957	40.4273611	-79.964962
1596	33.4498345	-112.0746995
6	33.3940241	-111.9396018
1522	33.448691868	-111.928502701
1499	33.6230069	-111.9007149
1118	33.4040693	-112.029752
1584	33.3788467	-112.0111149
1043	33.4945846	-111.9321964
1538	33.383123	-111.964485
1414	33.3471295	-111.9618501
1095	33.5025941	-111.9296765
450	33.30637	-111.8862451
1063	33.4361382	-112.0270122
1415	33.5082687981	-112.031715646
16	33.426046	-111.9398137
1380	33.3795605	-111.9299202
1500	33.6209669111	-111.892164984
1071	33.6244671692	-111.927910236
1077	36.169182	-115.141881
1204	36.122988	-115.170216
1576	36.1270671057	-115.172296869
805	36.1174528	-115.1766881
1457	36.0930659	-115.177814
910	36.103087	-115.17352
1567	36.1214517	-115.1696112
1078	36.129558	-115.172623
763	40.4289186	-79.9860741
1128	33.5338207	-112.2621446
1190	40.451127	-79.951924
745	36.1100668	-115.172501
1461	36.1265925847	-115.206305981
635	36.0732064948	-115.243538218
1598	33.5088053	-111.9252515
1160	36.1277253	-115.1744147
209	40.4416606	-79.9568523
694	40.4441713	-79.9963649
262	40.4438693	-79.995512
1304	40.443432	-79.997078
501	40.4440334	-79.9970421
1283	40.437802	-79.92303
308	40.460212	-79.925355
438	33.3210616448	-111.723918915
1271	40.4294377	-79.9849665
1096	33.502131	-111.9295376
869	40.441904	-79.957142
147	40.4503566	-79.9508477
338	40.4520296	-79.9835649
1017	33.5024987	-111.9258947
77	40.4356563	-80.0658779
859	40.4334602	-79.922885
410	36.112648	-115.170283
1395	33.4340148115	-111.901492146
999	40.4416203898	-79.9566856027
1321	33.477031	-112.073616
670	40.4343085374	-80.0062505501
686	40.4600345	-79.9243443
743	36.1100668	-115.172501
7	40.4452966	-79.9932298
865	40.4378299	-79.9210728
721	40.4280678259	-79.9666602257
775	40.4406597	-79.9940035
1404	33.348908	-111.874796
695	40.4516955	-79.9844444
8	33.3926278	-111.9404784
921	36.171127	-115.143347
1079	33.434903	-111.9254848
1264	40.438251	-79.919905
938	36.11289	-115.171282
1548	33.407561	-111.9475246
619	35.198237	-80.852895
416	40.446587	-79.902277
212	40.462989	-79.9521014
863	40.437766	-79.9196769
1101	33.492517	-111.930037
1454	36.124423	-115.146372
928	36.0953556397	-115.176614273
403	40.459885	-79.9244499
1238	40.4409991	-79.9445785
352	40.4351892	-79.9226113
821	35.2725667933	-81.0058021545
594	40.433197	-80.0037035
1205	36.0925630613	-115.176415443
502	40.427503	-79.9822822
1278	36.10993	-115.170862
620	40.4407195879	-80.0000391542
701	40.4455555	-79.9486857
430	40.4321137573	-79.8932691965
804	43.1364687	-89.3458084
1490	33.4324502274	-111.906046807
1176	33.4329144	-111.9054505
44	36.1213235673	-115.174956322
609	40.42749	-79.969565
214	40.4322731315	-80.004157615
418	40.4712103	-79.9597277
1337	36.1239419536	-115.167752796
1284	40.4525882	-79.9816821
109	40.3921971	-80.0378576
630	36.1172428598	-115.175013639
178	40.4516497734	-79.9831724167
170	40.445796217	-80.0180052022
468	33.3032341003	-111.842529297
1466	40.436613	-79.954738
1508	33.3184402	-111.892792
715	40.4430825	-80.0010001
1018	33.501869	-111.931921
773	40.428807	-79.977039
671	40.4079041	-79.9154609
969	40.4372159866	-79.9228072851
735	40.4503719	-79.914467
201	40.4690638337	-79.9616695907
995	40.3607821	-79.9322507
1342	40.4415892334	-79.9571999251
421	40.47658	-79.921437
872	40.4557138	-79.9311175
1019	33.5023225	-111.9287986
1206	36.1117608133	-115.176820437
414	40.4521434	-79.9343681
339	40.4591026	-79.9114836
1476	40.4404302	-79.9948801
26	40.4211121	-80.066862
1049	33.5266038	-111.924627
1590	33.4990986	-111.9259123
1552	33.4329144	-111.9054505
471	40.457865	-79.9254799
1517	33.4329144	-111.9054505
621	40.4586225	-79.9294051
617	36.124582	-115.168415
110	40.460623	-79.9269
53	40.46709	-79.964443
1398	33.3786428	-111.7924159
1229	40.4379509	-79.9206943
730	40.4630298	-79.9515819
1591	33.4989734	-111.9266323
217	40.396105	-80.0352996
1087	33.497292	-111.9223571
1132	33.4943638	-111.9255164
1353	40.4460679	-79.948641
749	40.4378605	-79.9201969
1291	40.437832	-79.923242
1568	36.121341	-115.174102
566	40.429129	-79.981899
1197	36.1243782644	-115.16876318
1400	33.4234408327	-111.939622164
1329	36.1239774361	-115.167756725
218	40.4278926	-79.9652548
1211	40.4565015	-79.9302162
280	40.4077613207	-79.916986227
1139	33.5025941	-111.9296765
1154	36.0089972	-115.175717
240	40.4620238	-79.949179
323	36.0908025	-115.1727807
922	36.1156902	-115.1713943
1172	40.4380934	-79.9537333
1161	36.0738472	-115.072077
331	40.4455502	-80.0113372
747	36.1271744855	-115.172503091
215	40.433155434	-80.0172042847
1020	33.5028371	-111.9294198
1064	33.5405551	-111.8869954
1051	33.6290044	-111.9243457
439	33.2350265	-111.8569646
1292	36.175	-115.136389
875	40.429001	-79.979997
251	40.4435879	-79.9965296
1491	33.4347316964	-111.867731837
1129	33.5339543188	-112.261047363
541	40.4264494	-79.9657577
1138	33.4949521	-111.92898
929	36.1071598	-115.1731759
955	40.4027364	-79.921653
1112	33.6079349	-111.9262732
700	40.443611	-79.9980439
1080	36.1276844749	-115.167446136
1569	36.1183787	-115.1726202
1230	40.433458	-79.894148
1410	33.511209	-112.074003
666	40.464398	-79.966333
298	40.4629248	-79.9508171
845	40.4068186	-79.9169862
705	40.4070611	-79.9189739
1481	33.4653340253	-111.917282167
1270	40.4445979	-79.9488195
1000	40.4506317353	-79.9510331983
114	40.4945944	-79.9332111
567	40.4281971	-79.9726934
299	40.4515676	-79.9826937
1531	33.3933042	-111.8536943
569	40.428184	-79.975306
399	40.448415	-80.00395
576	40.439839	-79.998247
1471	40.4427809	-79.997066
119	40.4599178946	-79.9247230442
894	40.43287	-79.903958
248	40.3905629	-80.0724221
1275	40.44115	-79.958029
1482	33.4325515877	-111.907124519
550	40.444591539	-79.9485508496
285	40.4416267	-80.0070394
1189	40.4410144	-79.9579228
1325	36.128561	-115.1711298
281	40.4434009262	-80.0024984676
1343	40.437813	-79.919787
1341	40.4418197	-79.9571314
300	40.4633764	-79.9524875
1244	45.5094968408	-73.5711174338
1240	45.520387259	-73.5949580492
1307	45.5163732056	-73.5775374957
301	40.4633496	-79.9526423
1239	45.5008661	-73.5917993
1185	40.426647	-79.965902
1248	45.4999995	-73.5534587
974	40.4363638	-79.922875
1330	36.1244339501	-115.169068691
734	40.4556962	-79.9308834
49	40.4050758	-80.0300862
499	40.456437	-79.930777
1356	40.4541546	-79.9822156
429	40.465073	-79.942513
1054	33.501547	-111.924147
559	40.4407677	-79.9578317
1371	33.3624661	-111.9126201
351	40.428703	-79.9835733
1065	36.09558	-115.175818
653	43.1006619	-89.3483645
696	40.4552521	-79.9435851
716	40.4245639	-79.964489
649	40.4272218	-79.9873588
722	40.4533201	-79.9472398
956	40.422592	-79.928538
127	40.429116	-79.98172
1312	40.4505107	-79.9843677
317	36.0933030998	-115.175407652
1021	33.492287	-111.924273
431	40.4596217	-79.9256028
88	40.38267484	-80.0954851247
361	40.4946785	-79.9330792
74	40.446124	-79.9922519
595	40.4556076	-80.0132552
1359	40.4693606	-79.9612567
507	40.426003	-79.96665
968	40.4541927	-79.9473993
139	40.4521448	-80.0162318
1183	35.0814977	-80.8772267
977	40.4502675	-79.9855993
59	40.3861321	-80.043715
600	40.408932	-79.9156515
896	40.4100064	-79.915697
1179	33.3102901	-111.7433091
366	40.4464761	-79.9926125
1545	33.494378424	-111.926325018
1336	36.123618	-115.17033
89	40.391166505	-80.0738196549
754	40.4517538	-79.9830149
1333	36.123559	-115.16908
935	40.4523578	-79.9820206
1022	33.4932316	-111.9240949
1492	33.4339365457	-111.901931914
234	40.4721491	-79.95953
818	36.1287863966	-115.165779185
1493	33.500169	-111.919817
672	40.4535411	-79.9824409
324	36.072421	-115.11687
1023	33.506543	-111.92655
96	40.450319	-79.9853489
149	40.452314	-79.9818084
899	40.440592	-79.996589
1348	40.4502923	-79.9850342
291	40.3937094	-80.0467317
898	40.443358	-80.002168
1391	33.3353105	-111.7596564
750	40.432671	-79.923474
774	40.462513	-79.950005
702	40.464778	-79.93342
517	40.427409	-79.969064
1376	33.5389041732	-112.184633296
187	40.432386	-80.015066
830	40.4378076	-79.9910732
45	36.090754	-115.1766701
989	40.456066	-79.937436
1340	40.4524945	-79.9815516
761	36.107621	-115.17704
1207	36.1092406	-115.1784884
1310	36.1130277962	-115.173949313
325	36.110446	-115.171435
697	40.4279062791	-79.9652548
1594	33.5126276	-112.0740912
1177	33.4359431	-112.011026
795	36.168666	-115.140099
998	40.4391982944	-79.9473059177
292	40.428768	-79.964499
522	40.4390325	-79.9994704
1564	40.488538	-79.885471
490	40.4888658	-79.8746294
1110	33.5776676	-111.9277608
792	40.4423622	-80.0002018
885	40.4318095	-79.9232325
1024	33.4643898	-111.9263525
1217	36.1080269507	-115.174756037
1523	33.49413	-111.977756
1145	33.5160662	-112.029562
787	40.4284279	-79.979317
1451	33.5094461	-112.0403946
967	40.404148	-79.918819
1293	40.4448524	-79.9486261
760	36.107406	-115.17698
689	40.4428412	-79.9989331
1106	33.493231	-111.925713
1413	33.4148132752	-111.832200028
713	40.4508375	-79.9839077
283	40.443107	-80.0026309
35	40.370574	-79.982416
1214	40.4426547	-80.0022505
665	40.4154710864	-79.924143279
574	40.4404209	-80.0020411
73	40.459956	-79.92427
676	40.449453	-79.98692
46	36.0930659	-115.1778316
55	40.4645309	-79.9660736
1603	35.153477	-80.83678
1235	40.4335078	-79.9231097
1025	33.5033716	-111.9256326
1532	33.4502544	-111.9255745
688	40.4285851	-79.9866264
63	40.3955087	-80.0351502
488	40.4262619019	-79.9403305054
192	40.392484	-80.065824
1224	40.422663	-79.92851
68	40.4758777	-79.9195703
1044	33.4947374	-111.9264617
706	40.43978	-80.001441
356	40.4666791	-79.9643786
1130	33.4787324	-111.9252963
81	40.368716	-80.034629
771	40.4274551	-79.9691231
235	40.4471820836	-80.0211379383
223	40.4489029	-79.9866512
183	40.482705	-79.951942
762	40.478939	-79.9554765
1424	33.3614404	-111.9108738
667	40.4595304893	-79.9255426413
727	40.4278642	-79.964244
1055	33.5033518433	-111.925576835
136	40.4079565	-79.9116502
315	36.124201	-115.16908
224	40.4805525	-79.9723028
33	40.4521127	-79.9841639
939	40.446786	-80.022094
1345	40.4414707	-79.9581266
286	40.3567582749	-80.0517179905
1595	33.5062078	-112.0739142
1036	33.5025088	-111.9290233
1150	33.671426	-112.03017
661	40.4705001	-79.9605478
511	40.4657718	-79.9650015
1390	33.5023225	-111.9287986
104	40.4435096	-79.9495912
854	40.4321990555	-79.8937211913
326	36.1110724694	-115.172451868
1151	33.5819259553	-111.931622132
1050	33.4972038269	-111.928039551
129	40.456856	-79.936432
132	40.4089054911	-79.9156047584
768	40.4585401	-79.9296808
518	40.4562392	-79.936501
1026	33.497828	-111.927267
868	40.450502	-79.935149
1027	33.497568	-111.929223
529	40.4465796462	-80.0038254261
893	40.4249098	-79.9777329
1350	40.4390804	-79.9553126
1212	40.451253	-79.932661
536	40.4546246	-79.94555
981	35.13733	-80.903947
461	33.2611752	-111.8840725
904	36.128561	-115.1711298
360	40.4409974562	-80.0022194605
57	40.381418	-80.04418
1113	33.493385	-111.925028
1028	33.4932795	-111.9249047
753	40.4282809	-79.9760126
1236	40.4788706	-79.955666
561	40.4277223401	-79.9686308033
711	40.4510496	-79.93333
603	40.499285	-79.944321
78	40.4376961	-80.0176808
975	40.4378487	-79.9214512
579	40.4385158	-79.9983252
1220	40.4306493	-79.9230508
680	40.4439183	-80.0018125
293	40.4854888	-79.9723216
72	40.37745	-80.040797
741	40.43749	-79.922834
1252	40.4562392	-79.936501
107	40.460424	-79.919386
606	40.412947147	-79.9074245076
376	40.489579	-79.903291
417	40.477749	-79.957778
173	40.4281303	-79.9717986
725	40.4411853	-80.0026939
558	40.4407839	-79.9996681
70	40.4271652	-80.0557015
1269	40.4543466	-80.0283415
710	40.4385658	-80.0027089
354	40.4404532	-80.0020133
65	40.367905	-80.0366279
50	40.357799	-80.001092
263	40.4427544507	-79.998096795
1222	40.4432054	-80.0010347
302	40.4516262	-79.982709
900	40.4581162	-79.906008
166	40.4167567	-80.0303278
237	40.4299592	-80.0073219
708	40.4426837059	-80.0018295322
984	40.4381632327	-79.9195761391
765	40.4531857	-80.0010393
533	40.4869236398	-79.891601729
82	40.394595	-80.021685
1299	40.4382114	-79.9213674
424	40.4438005	-80.0023331
1501	33.459014	-112.077468
1181	33.5111472	-112.1281159
47	36.1178829948	-115.17124454
1308	40.4655875	-79.9542799
1045	33.5260462761	-111.925721616
1448	33.6677289993	-111.978514194
1555	33.497568	-111.929223
90	40.3810792	-80.044593
1066	36.1173432	-115.1763623
1218	36.1099146155	-115.174642483
905	36.107676716	-115.17506169
1208	36.094254	-115.176019
931	36.1071613	-115.1738191
309	40.4585067	-79.9737253
407	36.1240615	-115.167872
1503	33.4916179	-111.9258402
1039	33.5278636	-111.9270736
1402	33.5084059951	-112.037312494
1386	33.3330258	-111.7906171
752	40.4570169	-80.0147807
264	40.4459749	-80.0108508
923	36.1706341	-115.144266
1467	36.1027894454	-115.169889609
1367	33.4805337	-111.9349845
1146	36.055692	-115.042495
252	40.3968985	-80.0359185
562	40.4440468	-79.9501742
1209	36.1092406	-115.1784884
764	40.3934598	-80.0201357
1497	33.5408026635	-111.872356788
1469	36.1165658	-115.1752403
809	40.475437	-79.919706
732	40.441487	-80.0016733
924	36.169116	-115.139599
1029	33.5061904386	-111.926436424
831	40.441487	-80.0016733
1537	33.3831468	-111.9647254
577	40.4475255	-79.9933976
1331	36.1268841326	-115.167014281
623	36.1171675	-115.177901
738	40.4072651	-79.9101652
588	40.427431	-79.966975
719	40.4658111	-79.9652508
712	40.4463247	-80.0076447
394	40.443791	-79.997166
1257	40.4414335	-80.0020533
1188	40.4411427	-79.9535582
369	40.4649715	-79.9610655
1263	40.4331248	-79.9229243
340	40.47313	-79.958894
1097	33.5391796555	-111.923670625
353	40.4380885	-79.9219196
822	35.2727797229	-81.0052115714
736	40.4666119	-79.9642428
568	40.4286785	-79.9832088
654	43.075721	-89.38207
182	40.4600439843	-79.9252199797
265	40.4395533	-80.0017454
1098	33.5414937536	-111.925131027
1541	33.4300004	-111.8720821
699	40.4563601	-79.9150946
1332	40.40105	-80.0424097
1600	35.240652	-80.846624
266	40.440995	-80.002186
1361	40.4569644235	-79.9153769016
729	40.4407744	-80.0041429
867	40.4522723	-79.9826658
580	40.428274	-79.976821
219	40.439228	-79.9899263
908	40.4912033081	-80.0474777222
1573	36.1193098	-115.1717702
645	36.057847	-115.278523
143	40.4639479	-79.9316099
440	33.2770025	-111.8753357
1081	33.4198372	-111.9809956
638	36.0560044591	-115.269099123
906	36.1088082	-115.173583
327	36.1098235108	-115.171432448
1266	40.4378411	-79.9201088
391	40.459918	-79.925347
383	40.4574894	-79.9658647
1524	33.4241272	-111.9405173
799	43.072631	-89.384011
519	40.4456919135	-79.9489865016
508	40.453845	-79.980478
959	40.4326795042	-79.92303662
540	40.4435096	-79.9495912
420	40.4574778	-79.9289528
707	40.4520306	-79.9825405
961	40.4267764	-79.8901734
1067	36.0814598	-115.14373
1405	33.4951414	-112.0012935
1286	40.4420548	-79.9580559
387	40.4475255	-79.9933976
1289	40.441727	-80.00645
1267	40.434176	-79.922987
639	35.9949737	-115.2063412
1483	33.5561571	-111.8987016
84	40.404139	-80.030575
220	40.4346061	-79.9554671
1107	33.5414882	-111.8854353
1377	33.4350836	-112.3424892
1174	40.4149933074	-79.9235104679
739	40.428879	-79.979321
1417	33.624976	-111.924285
520	40.4406579465	-80.001993258
793	36.1097544	-115.1738726
1242	40.4444572	-79.9548779
718	40.439901	-80.0004821
1334	36.1233678058	-115.170759594
1465	36.1098756593	-115.175163842
1198	36.1097544	-115.1738726
1199	36.1098709067	-115.17481374
349	40.4286949	-79.9844739
1562	40.429111	-79.981628
746	36.1099136471	-115.176315898
153	40.4724449	-79.9631286
849	40.455525	-79.978064
1030	33.4993828	-111.9276907
1223	40.4824896	-79.9514213
1570	36.1193389	-115.1717699
99	40.4400929	-80.0024463
1031	33.49821	-111.927963
61	40.4461863	-80.0120666
1200	36.109995716	-115.173604488
85	40.4891418	-79.8930872
1382	33.6710684743	-112.030189633
221	40.4761766	-79.9205243
67	40.356525	-80.051222
733	40.4664894	-79.9648053
1436	33.4570463	-112.070861
829	35.2277626	-80.8379816
526	40.4377293	-79.9227349
1131	33.4876239	-111.960833
86	40.3968899	-80.0357506
758	40.4563938195	-79.9305386851
151	40.457335	-79.975468
1463	36.1120152614	-115.172531605
1504	33.491695	-111.925624
1162	36.093647	-115.175383
310	40.4410376	-80.002765
1549	33.4230242165	-111.940247586
267	40.4407162341	-80.0025793678
1311	36.113964517	-115.174347706
346	40.4290019	-79.9828
456	33.2617999	-111.8602743
227	40.4656763	-79.9555801
1210	36.1092406	-115.1784884
794	36.169244	-115.139912
190	40.4458199	-80.0108553
274	40.4407459	-80.0017962
1152	33.5017388	-111.9233588
364	40.4257412	-79.9420186
598	40.4810342784	-79.9155807495
1099	33.479767	-111.993983
140	40.4515766	-79.9328425
884	40.435822	-79.9231662
1201	40.4582049	-79.9251189
1602	35.221008	-80.81488
476	36.1512686085	-115.15254548
657	36.0555174045	-115.041651831
1357	40.451096	-79.9332613
996	40.463088	-79.9514317
444	33.2640728	-111.8580275
1373	33.3628593	-111.9106961
124	40.4077089	-79.910194
179	40.4431445863	-80.0011037908
698	40.4457782424	-79.9963158434
228	40.4274699	-80.0524348
1494	33.3021309	-111.8412086
100	40.4521792	-79.9827925
1290	40.390315	-79.865458
692	40.4406294	-80.0096919
211	40.457711	-79.9252872
861	40.4327827	-79.8938104
203	40.4796743	-79.9552129
828	40.4578438	-79.9282196
1495	33.5390978	-111.8847911
483	40.4375577	-79.92282
253	40.3527436	-80.051873
1032	33.500662	-111.92835
1225	40.445045	-79.960411
731	40.4412308	-80.0011872
460	33.306806	-111.88557
704	40.4395862366	-79.8975160459
205	40.4541546	-79.9822156
122	40.4325712	-79.8936524
1109	33.5388013504	-111.887694597
1349	40.4375577	-79.92282
557	40.4607921	-79.922713
1173	40.4406105	-79.9586239
883	40.461506	-79.923991
152	40.4515843	-80.017124
723	40.4523786	-80.0045775
1302	40.4408472	-79.9573005
79	40.4901919	-79.9044419
402	40.4509479	-79.9338609
703	40.442035	-80.002556
1388	33.5053866	-112.0828953
1464	36.1056748276	-115.172234076
709	40.4289899	-79.9807488
934	40.4971912	-80.0588477
87	40.3888214	-80.0498403
71	40.458283	-79.925318
1518	33.4259647	-111.9402513
913	40.4381461	-79.9223846
275	40.46445	-79.9325713
521	40.440995	-80.002186
827	40.4511828	-79.9344645
238	40.429882	-80.007102
549	40.4407395	-79.9587585
239	40.465725	-79.95432
1396	33.4330350802	-111.905558109
848	40.4883350846	-79.8828375589
92	40.351982	-80.050826
243	40.4516251	-79.9327303
312	36.1147454655	-115.157157183
105	40.3783008	-79.9908996
94	40.442777	-79.953151
610	40.4866151	-80.0549044
241	40.461955	-79.9501649
780	36.124423	-115.146372
1557	33.495018	-111.975898
459	33.2638524	-111.8582442
194	36.0621940089	-115.241856213
97	40.4508782	-79.9842332
1052	33.4943298	-111.9224801
583	40.4282789	-79.9657314
1082	36.1333516614	-115.153884888
411	40.4544265	-80.0010731
313	36.1214517	-115.1696112
1056	33.5028371	-111.9294198
106	40.405401	-80.0301225
448	33.319833421	-111.895923615
1111	33.498914	-111.928574
469	33.2988305416	-111.90033957
1525	33.5551911	-111.8990372
582	40.4408395721	-80.0019693375
158	40.482691	-79.95116
229	40.4524945	-79.9815516
1351	40.441879	-79.9568891
1114	33.494651	-111.927127
108	40.4103895	-80.0243631
486	40.475707	-79.920425
276	40.4505187	-79.9864558
1193	40.4399299	-79.997035
112	40.3953208923	-80.0346221924
1163	36.098909	-115.175557
120	40.4547026	-79.946417
111	40.4629577488	-79.9240576056
1068	36.124423	-115.146372
1121	33.4922528765	-111.922980432
500	40.4080431671	-80.0873225927
1001	40.447412	-80.022646
398	40.4098243713	-80.0853347778
451	33.3172434	-111.9765164
748	40.4411343	-80.0026106
1565	36.1128823357	-115.171270357
118	40.380726	-80.044831
116	40.4411279	-80.0014571
1090	33.4480987589	-112.074931971
185	40.4707828	-79.9602498
462	33.3057949	-111.9677833
547	40.487933	-79.8873629
137	40.4290553	-79.9831387
374	40.4728737	-79.9638856
294	40.4459012	-80.0112553
1408	33.5092305009	-112.024003602
491	40.4411661898	-80.0022912025
1533	33.3783035278	-111.906135559
370	40.454384	-79.981477
902	33.4348794896	-111.999092102
123	40.3899009	-80.0406617
1534	33.490031	-111.926443
960	40.4333704	-79.923237
48	40.3809456	-80.0447335
810	40.4381463	-79.8921011
141	40.4404781	-80.0017838
1407	33.5466082	-111.8906861
1108	33.4987215	-111.9274506
767	40.450952	-79.933592
125	40.438918	-79.9553059
1164	36.0913925171	-115.177253723
358	40.4417967	-80.0023512
860	40.433106	-79.922757
778	40.4613249	-79.9488459
128	40.4407643	-79.9581044
1406	33.502771	-111.932108
126	40.3556613	-80.0502161
287	40.4618764521	-79.9494252238
1300	40.461206	-79.948711
769	40.4534962	-79.9822822
1577	36.1122449489	-115.171174407
636	36.0957104	-115.2982167
485	40.419454	-79.850259
1178	33.4977334	-111.9258174
592	40.4540482	-79.9814381
404	40.4410315291	-80.002944585
279	40.4519212353	-79.982807323
656	35.223606	-80.944204
154	40.4824569	-79.951507
453	40.4513619074	-79.93359755
1033	33.577653	-111.927532
1186	40.456611	-79.914994
970	40.4507834	-79.9354103
392	40.404099	-79.870272
1034	33.464178	-111.9272966
1086	33.5097465515	-112.035583496
817	40.453668	-80.01689
1234	40.4445302592	-79.9488186836
1083	36.1071266589	-115.178174973
538	40.451222	-79.9515915
268	40.411302	-80.007324
130	40.4510918	-79.9350785
1102	33.4933698	-111.9312451
777	40.4608399	-79.9477607
1542	33.4239019898	-111.940287352
1221	36.1089133	-115.1727284
198	36.0885162354	-115.139022827
379	40.440551	-80.0061829
1119	33.4336861384	-112.000563002
473	40.457748	-79.925494
1202	40.4325718	-79.893728
372	40.452741291	-79.9821105745
371	40.4518432433	-79.9824968126
134	40.361802	-80.070182
1550	33.4329265	-111.9055755
135	40.4520989	-80.016762
1294	40.4395294943	-79.8974228917
1421	33.48124	-111.90979
1449	33.4861859298	-112.064660035
1213	40.4571875	-79.9168529
573	40.426888	-79.967468
797	40.45588	-80.006529
494	40.428216	-79.975832
146	40.4286795	-79.9826031
1403	33.463851	-111.941673
254	40.4278494	-79.9692986
776	40.4499759735	-79.9507371865
781	40.4378890991	-79.9215545654
1115	33.4984383935	-111.926763966
277	40.4429006	-80.0000968
925	36.1177282041	-115.175818301
1091	33.4505535	-112.0741097
303	40.4481681	-80.0042326
926	36.1101083959	-115.172338486
858	40.4331853	-79.9232625
195	40.4439407	-79.9982321
441	33.3349363	-111.7851402
512	40.467054	-79.96398
489	40.4298431477	-80.007356297
1070	33.4985304	-111.9263751
1422	33.4483771	-112.0740373
269	40.443994	-79.998282
144	40.4052704	-80.0302382
1035	33.5074361578	-111.928581939
1419	33.4470956	-111.9259877
1135	33.640637	-111.9086
278	40.4658761	-79.9652471
1601	40.4417404014	-79.9570810447
181	40.449077	-79.987519
442	33.2475042	-111.8430927
784	40.443036	-79.998621
148	40.4521386	-79.9838044
887	40.4448167	-79.9489713
1250	40.4515167	-79.9849613
1219	36.1168506338	-115.175495425
1165	36.1235924656	-115.170912612
408	36.1100828	-115.1538714
1166	36.1249633868	-115.17276261
832	40.4513403	-79.9838608
288	40.4381401	-79.9201014
1069	36.1022525987	-115.174478525
1411	33.3614346794	-111.91065584
156	40.428359	-79.978196
791	40.4402916	-80.0021485
445	33.2344429	-111.8604326
788	40.4349648	-79.9228082
477	40.4602716	-79.9251042
789	40.470578	-79.960043
825	40.472751	-79.959173
1103	33.4966639	-111.9299885
425	40.428968829	-79.9817368981
1551	33.421413	-111.914915
388	40.4423244	-80.0019849
1136	33.4942993	-111.9259041
1430	33.4457445	-112.0796557
823	35.2277626	-80.8379816
1475	40.478345	-79.955425
808	40.4343522	-80.0053102
1418	33.4563262	-112.0737079
528	40.4581562639	-79.9346383818
1203	36.1030179172	-115.167688876
1187	40.4317238	-79.8936278
1167	36.0919655	-115.1730561
1362	40.4867643947	-79.9268399793
386	40.4480256	-80.0041295
1439	33.5083316	-112.0565795
289	40.4418551018	-80.0125872687
640	35.1526108	-80.8285434
443	33.317959	-111.975646
478	40.4416303	-80.0330321
918	40.4712221	-79.9598367
304	40.4516855	-79.9833236
880	40.434190366	-79.9230114
584	40.4430416047	-79.953064311
816	40.407761	-80.086108
155	40.3544985388	-80.0492973859
543	40.4276575	-79.9690715
802	40.4307117137	-80.0074910503
373	40.4771669	-79.956985
801	40.457185	-79.916872
1137	33.497345	-111.928528
840	40.470045	-79.96115
509	40.4604323	-79.9252567
472	40.4410836	-80.0013393
513	40.4435995	-80.0003448
197	33.5027018	-112.082414
1445	33.5089836	-112.0339775
1444	33.363016	-111.841114
853	40.438345	-79.921365
1237	40.4323539734	-79.8940734863
1431	33.5044082	-111.9691642
375	40.428345	-79.977958
565	40.4414677	-79.9574362
380	40.4846999	-79.947964
295	40.4426553	-80.0075018
161	40.4389554	-79.9993319
813	36.123406	-115.170188
841	40.4656647775	-79.9557438844
169	40.4439496	-79.9964366
492	40.4289904	-79.9858657
564	40.4387705	-79.9903134
487	40.442334	-80.002066
305	40.428426	-79.979395
824	40.4375577	-79.92282
642	40.4444316	-79.9956094
160	40.428832	-79.9780571
891	40.4073292	-79.9098667
1251	40.4516222361	-79.9331853806
381	40.4617996	-79.9701224
159	40.3979659	-80.026
1182	33.4922045	-111.9255493
1546	33.5560021	-111.899047
889	40.4289202	-80.0074459
449	33.3055596961	-111.860186938
837	40.47511	-79.95799
1450	33.5268094	-111.9248055
1133	33.4348992	-111.9905526
1578	36.1175744315	-115.171528026
811	40.442035	-80.002556
1434	33.493853	-111.9256247
1429	33.513075	-112.0739693
933	40.4523561	-79.9839206
162	40.4381171	-79.9222802
1140	33.4925859	-111.9257988
1153	33.4989995509	-111.927418783
936	40.4430038	-80.0000446
993	40.4592086	-79.9255199
819	35.2225852263	-80.8410940692
1433	33.4974812	-112.0739922
455	33.3029033	-111.8423531
836	40.4286788	-79.9831142
446	33.3042699	-111.757415
1168	36.122113735	-115.170623889
589	40.42746	-79.969291
1556	33.4352447315	-111.86490947
614	40.438556	-80.019299
1226	40.4796743	-79.9552129
495	40.4283922158	-79.9787491187
1309	40.4602808	-79.9249702
1313	40.4316181	-79.9817294
864	40.427381	-79.9652146
457	33.3027643	-111.842356
940	40.4408674	-80.0047092
855	40.4396105389	-79.897574544
174	40.4603426	-79.9250006
857	40.4071527935	-79.9177637822
1437	33.457334	-112.064827
384	40.3777216	-80.0407084
895	40.441062	-80.002126
658	36.1360309	-115.1767359
888	40.4381461	-79.9223846
378	40.47886	-79.971985
1579	36.102415	-115.174568
647	40.4439496	-79.9964366
1249	40.4604002619	-79.9468455337
834	40.4513696	-79.9341804
1438	33.4571063	-112.071074
1363	40.4533604702	-80.0022396337
976	40.4333842482	-79.9231549469
505	40.3805093215	-80.0448062271
480	40.441932	-79.957181
176	40.4273732	-79.9681119
571	40.4406248	-79.9958864
597	40.4424229	-79.9973231
572	40.428879	-79.979321
163	40.3802964	-80.0525518
1605	33.4045979	-111.9791726
587	40.4379871718	-80.0021051924
833	40.4512017	-79.9345853
167	40.357213	-80.0520951
168	40.440093	-80.0008532
385	40.4475255	-79.9933976
1335	36.1229684406	-115.168792678
646	36.1030612595	-115.173450261
1580	36.1209081793	-115.171958361
897	40.4442087	-79.9946687
177	40.4416755559	-79.9962055882
493	40.406339	-79.9097139
171	40.4282768	-79.9761227
643	36.152831458	-115.333866775
463	33.2467353525	-111.840814344
184	40.4699503	-79.9610783
838	40.4401244	-80.0009351
1191	40.4823346	-79.9520708
465	33.2608865864	-111.859443623
510	40.4670497	-79.9644163
413	40.443888	-80.000223
1253	40.455763	-79.931512
1358	40.4602131685	-79.9251211918
1277	40.4412353	-79.9581511
467	33.2762744	-111.8750213
496	40.4422814	-80.0020617
881	40.4607908	-79.9478264
175	40.4285797	-79.9855204
1425	33.4300241	-111.9084915
1558	33.4626163	-111.9269743
186	40.4707671	-79.9599462
842	40.4611146	-79.9485427
180	40.409746	-80.083623
1303	40.44139	-80.0028792
1315	40.4643050519	-79.9640449136
882	40.4459705	-80.0108751
612	40.451967	-79.9843563
