0	0	5
0	6	4
0	2	5
0	3	5
0	4	5
0	7	5
0	5	4
0	8	3
0	1	4
0	14	4
0	11	3
0	13	2
0	16	5
0	9	5
0	12	3
0	15	3
0	10	5
0	17	4
0	19	3
0	20	4
0	21	5
0	18	4
0	22	5
0	23	5
0	24	4
0	25	5
0	26	4
1	17	5
1	39	2
1	40	4
1	43	3
1	44	2
1	41	5
1	46	5
1	42	5
2	51	4
2	52	4
2	53	3
2	54	3
2	55	5
2	56	3
2	17	5
2	59	2
2	61	5
2	64	3
2	35	3
2	66	3
2	67	3
2	68	4
2	0	2
2	70	3
2	71	4
2	72	4
2	73	4
2	74	4
2	75	3
2	76	2
2	77	3
2	27	5
2	78	5
2	79	4
2	80	4
2	81	4
2	82	4
2	83	3
2	88	2
2	89	3
2	85	8
2	90	4
2	69	12
2	91	3
2	92	4
2	93	3
2	95	3
2	97	5
2	96	4
2	98	4
2	99	3
2	100	3
2	101	4
2	37	4
2	104	5
2	103	5
2	19	4
2	102	5
2	105	3
2	106	4
2	50	12
2	109	3
2	86	9
2	110	3
2	111	4
2	112	3
2	113	4
2	114	5
2	116	5
2	117	3
2	57	8
2	118	5
2	120	3
2	119	2
2	122	5
2	121	3
2	123	3
2	124	4
2	48	3
2	125	4
2	63	8
2	65	6
2	127	4
2	128	4
2	129	4
2	130	4
2	131	4
2	132	2
2	133	4
2	31	3
2	135	3
2	60	10
2	137	4
2	138	4
2	94	12
2	139	4
2	84	6
2	140	3
2	141	4
2	142	5
2	134	7
2	143	5
2	40	8
2	145	4
2	146	4
2	147	3
2	148	4
2	149	4
2	150	4
2	151	4
2	152	4
2	107	8
3	189	5
3	188	5
3	65	4
3	190	2
3	17	4
3	40	4
3	109	4
3	191	4
3	91	4
3	192	3
3	149	5
4	199	2
4	201	2
4	200	5
4	83	1
4	202	5
4	203	4
4	204	4
4	62	4
4	205	2
4	122	5
4	206	2
4	207	2
4	208	3
4	92	5
4	209	1
4	17	3
4	210	5
4	149	4
4	211	3
4	212	5
4	214	5
4	213	4
4	215	5
4	179	5
4	153	5
4	221	4
4	216	5
4	218	4
4	89	4
4	220	2
4	106	4
4	219	4
4	61	5
4	223	4
4	26	4
4	224	4
4	222	4
4	228	5
4	227	5
4	73	5
4	225	5
4	84	5
4	229	5
4	123	5
4	108	5
4	226	4
4	230	3
4	98	4
4	233	5
4	231	4
4	235	3
4	234	4
4	232	4
4	238	5
4	236	5
4	185	5
4	239	4
4	121	3
4	237	4
4	178	5
4	241	5
4	240	5
4	243	4
4	242	5
4	244	3
4	246	4
4	245	5
4	248	4
4	247	4
4	72	5
4	249	4
4	250	4
4	253	4
4	109	4
4	115	3
4	251	3
4	189	4
4	252	4
4	7	5
4	254	5
4	217	9
4	255	4
4	256	5
4	57	4
4	260	3
4	261	5
4	257	4
4	258	5
4	259	3
4	262	4
4	264	3
4	90	5
4	268	3
4	269	5
4	265	3
4	48	5
4	267	5
4	266	4
4	263	4
4	144	4
4	74	3
4	49	2
4	273	4
4	270	5
4	271	5
4	277	5
4	272	4
5	17	5
5	306	5
5	139	4
5	308	5
5	274	5
5	307	2
5	183	4
6	311	5
6	313	4
6	312	4
6	314	3
6	315	3
6	17	5
6	316	4
6	317	3
6	321	4
6	286	4
6	323	3
6	327	3
6	318	3
6	324	4
6	319	5
6	322	2
7	333	4
7	332	4
7	95	4
7	258	4
7	335	3
7	98	4
7	340	4
7	336	5
7	338	4
7	339	4
7	342	5
7	38	3
7	341	4
7	343	3
7	344	3
7	52	2
7	251	4
7	345	4
7	152	4
7	346	3
7	107	2
7	62	5
7	348	4
7	349	5
7	347	4
7	351	4
7	350	5
7	353	3
7	352	5
7	17	5
7	246	3
7	27	5
7	331	3
7	354	3
7	121	5
7	355	2
7	356	3
7	282	4
7	357	5
7	204	4
7	33	2
7	236	4
7	358	5
7	86	4
7	66	4
7	178	4
7	359	5
7	360	4
7	361	5
7	362	4
7	363	4
7	365	4
7	366	5
7	367	2
7	70	5
7	368	5
7	369	5
7	370	5
7	190	4
7	277	2
7	146	5
7	165	5
7	364	6
7	371	4
7	372	4
7	276	4
7	334	7
7	35	3
7	85	5
7	127	4
7	31	4
7	374	5
8	190	2
8	331	3
8	393	3
8	292	3
8	244	4
8	394	4
8	157	4
8	395	3
8	397	3
8	282	3
8	396	4
8	60	4
8	99	4
8	346	4
8	85	5
8	235	4
8	361	4
8	398	4
8	399	3
8	17	4
8	34	5
8	400	4
8	236	4
8	401	3
8	364	5
8	402	3
8	403	4
8	310	8
8	404	4
8	405	3
8	307	4
8	62	4
8	250	4
8	179	10
8	407	4
8	44	4
8	406	3
9	153	4
9	391	2
9	414	3
9	334	4
9	415	4
9	416	4
9	55	4
9	31	4
9	417	4
9	418	4
9	419	5
9	420	3
9	421	5
9	17	5
9	422	3
9	185	4
9	424	4
9	335	4
9	275	5
9	425	3
9	426	2
9	427	3
10	443	5
10	441	3
10	433	4
10	435	3
10	438	4
10	442	2
10	434	4
10	437	2
10	436	4
10	445	3
10	444	3
10	446	5
10	439	4
10	448	5
10	449	4
10	450	1
10	447	6
10	451	2
10	452	4
10	62	2
10	166	4
10	89	2
10	363	3
10	290	5
10	453	5
10	17	5
10	454	1
10	440	2
10	455	4
10	456	1
11	470	5
11	131	5
11	471	3
11	472	5
11	340	4
11	473	1
11	474	2
11	475	4
11	476	5
11	146	5
11	181	5
11	477	4
11	17	3
11	478	4
11	169	4
11	34	5
12	361	4
12	51	3
12	189	5
12	482	5
12	364	4
12	202	4
12	483	5
12	172	4
12	484	3
12	146	2
12	69	2
12	26	2
13	17	5
13	346	3
13	221	4
13	247	4
13	488	5
13	489	5
13	490	3
13	303	4
13	491	5
13	310	4
13	412	3
13	492	5
13	127	5
13	111	4
13	343	4
14	266	5
14	497	1
14	498	1
14	234	4
14	282	3
14	499	5
14	221	5
14	500	3
14	222	1
14	241	4
14	157	5
14	501	4
14	103	5
14	18	3
14	137	3
14	478	4
14	136	4
14	135	4
14	502	4
14	503	3
14	179	5
14	181	5
14	504	4
14	185	3
14	505	4
14	115	3
14	506	3
14	229	10
14	473	8
14	493	5
14	507	4
14	38	5
14	60	4
14	508	4
14	77	3
14	64	5
15	519	4
15	518	3
15	107	3
15	520	3
15	516	3
15	522	3
15	255	4
15	342	4
15	523	3
15	524	3
15	209	2
15	525	4
15	235	3
15	481	4
15	127	4
15	528	4
15	256	5
15	529	5
15	290	5
15	207	3
15	530	4
15	71	4
15	531	4
15	532	3
15	533	2
15	281	5
15	285	5
15	218	4
15	534	4
15	535	4
15	536	3
15	538	3
15	537	5
15	539	5
15	540	5
15	334	3
15	541	2
15	542	4
15	544	4
15	157	3
15	545	5
15	546	4
15	547	4
15	548	2
15	549	5
15	550	3
15	551	4
15	552	4
15	128	4
15	553	3
15	554	4
15	555	3
15	556	3
15	557	3
15	219	4
15	558	4
15	393	3
15	267	5
15	521	6
15	559	3
15	120	4
15	30	4
15	560	4
15	365	5
15	543	7
15	398	3
15	506	4
15	27	5
15	561	3
15	562	3
15	563	3
15	206	2
15	258	3
15	564	4
15	565	4
15	358	5
15	566	3
15	39	3
15	567	3
15	568	5
15	569	4
15	195	5
15	570	5
15	214	5
15	215	5
15	330	3
15	292	3
15	341	4
15	527	8
15	514	7
15	351	3
15	492	4
15	571	5
15	572	3
15	259	3
15	573	4
15	20	5
15	75	4
15	574	3
15	575	4
15	515	7
15	576	3
15	170	4
15	577	4
15	578	2
15	305	8
15	579	5
15	580	3
15	581	3
15	582	3
15	583	4
15	584	4
15	168	4
15	585	3
15	586	3
15	238	4
15	587	4
15	588	3
15	589	3
15	202	4
15	590	4
16	51	5
16	117	3
16	90	2
16	81	2
16	487	5
16	87	5
16	18	1
16	69	6
16	169	5
16	154	5
16	340	5
17	615	5
17	616	5
17	88	3
17	18	5
17	89	4
17	233	4
17	567	4
17	617	5
17	69	5
17	27	5
17	208	4
17	290	5
17	618	3
17	412	4
17	619	4
17	620	5
17	60	5
17	338	5
17	621	5
17	73	4
17	310	4
17	504	4
17	623	4
17	622	2
17	624	4
17	625	5
17	628	2
17	627	5
17	629	4
17	626	5
17	630	4
17	631	4
17	291	5
17	219	9
17	192	5
17	633	5
17	632	5
17	328	5
17	635	5
17	634	5
17	636	5
17	316	2
18	648	4
18	525	4
18	395	3
18	649	5
18	348	2
18	356	4
18	650	4
19	69	4
19	30	4
19	651	4
19	208	3
19	654	3
19	652	3
19	653	3
19	655	4
19	656	4
20	660	5
20	661	5
20	511	5
20	149	5
20	662	4
20	663	5
20	20	5
20	529	5
20	664	5
20	501	4
20	331	4
20	299	5
20	270	1
20	19	4
20	665	4
20	214	5
20	215	5
20	667	4
20	668	1
20	157	5
20	245	5
20	285	3
20	669	5
20	670	3
20	31	5
20	240	4
20	218	4
20	671	4
20	672	4
20	27	5
20	121	4
20	674	5
20	226	8
20	675	4
20	676	4
20	594	3
20	93	3
20	677	2
20	581	4
20	182	4
20	113	5
20	391	3
20	356	4
20	64	5
20	53	8
20	237	4
20	267	4
20	679	4
20	680	4
20	282	2
20	310	5
20	682	5
20	683	5
20	292	3
20	684	1
20	497	5
20	201	4
20	95	4
20	685	2
20	394	4
20	403	4
20	686	5
20	687	4
20	405	3
20	170	4
20	678	10
20	309	3
20	688	2
20	290	4
20	535	4
20	173	3
20	689	3
20	690	2
20	60	5
20	519	4
20	691	4
20	508	4
20	561	2
20	397	3
20	52	5
20	102	5
20	261	3
20	693	4
20	694	3
20	38	3
20	696	3
20	697	2
20	122	5
20	698	4
20	143	4
20	699	4
20	700	3
20	701	4
20	702	4
20	360	4
20	190	1
20	61	5
20	203	10
20	557	3
20	430	5
20	588	5
20	58	4
20	431	4
20	703	3
20	273	4
20	205	4
20	348	3
20	140	4
20	705	3
20	399	1
20	706	2
20	707	2
20	708	5
20	709	5
20	265	3
20	710	1
20	711	5
20	369	5
20	18	3
20	71	3
20	712	2
20	673	7
20	51	5
20	264	3
20	521	3
20	713	4
20	539	5
20	714	5
20	715	3
20	66	2
20	100	4
20	86	10
20	124	5
20	716	4
20	717	4
20	129	4
20	507	5
20	300	4
20	234	4
20	718	4
20	719	4
20	720	2
20	721	3
20	202	5
20	722	3
20	471	5
20	723	4
20	238	4
20	724	2
20	172	3
20	153	4
20	725	4
20	94	5
20	103	4
20	649	9
20	726	4
20	727	2
20	85	8
20	728	2
20	582	2
20	729	4
20	105	4
20	298	2
20	591	4
20	334	3
20	222	3
20	730	3
20	401	3
20	731	4
20	732	3
20	158	5
20	733	5
20	734	3
20	735	5
20	681	6
20	583	3
20	107	4
20	736	5
20	737	3
20	211	3
20	179	14
20	738	5
20	605	4
20	739	2
20	740	4
20	221	4
20	620	4
20	741	5
20	742	4
20	743	5
20	744	5
20	119	5
20	745	2
20	746	2
20	747	3
20	227	4
20	137	5
20	415	3
20	748	2
20	749	5
20	750	5
20	120	4
20	185	4
20	751	3
20	752	4
20	247	1
20	753	2
20	754	5
20	318	4
20	567	5
20	68	3
20	755	4
20	346	7
20	131	5
20	150	5
20	73	5
20	615	5
20	517	3
20	590	4
20	340	5
20	756	4
20	757	5
20	358	4
20	758	3
20	204	5
20	141	5
20	537	4
20	370	5
20	759	5
20	760	2
20	761	4
20	762	3
20	239	4
20	82	4
20	763	2
20	764	4
20	128	4
20	235	3
20	424	4
20	765	4
20	224	4
20	766	3
20	69	2
20	416	4
20	767	4
20	522	3
20	491	3
20	453	4
20	279	5
20	138	4
20	768	2
20	260	2
20	84	2
20	106	8
20	482	5
20	236	4
20	769	4
20	503	4
20	473	3
20	111	7
20	123	4
20	770	4
20	771	2
20	772	4
20	773	4
20	506	3
20	774	4
20	502	4
20	343	4
20	151	5
20	494	4
20	404	3
20	775	3
20	112	4
20	374	5
20	252	4
20	382	4
20	695	14
20	412	7
20	99	10
20	139	8
20	254	5
20	34	10
20	57	4
20	776	5
20	132	4
20	704	7
20	512	4
20	777	4
20	130	2
20	778	4
20	498	3
20	779	3
20	308	4
20	338	9
20	573	5
20	59	5
20	780	1
20	781	3
20	782	4
20	783	4
20	784	4
20	785	4
20	195	7
20	666	9
20	55	14
20	786	4
21	843	4
21	844	3
21	121	3
21	62	3
21	845	4
21	291	2
21	69	4
21	230	3
21	57	4
21	718	5
21	648	4
21	582	3
21	405	3
21	521	3
21	132	3
21	153	4
21	484	3
21	115	4
21	675	3
21	86	4
21	294	4
21	92	4
21	785	3
21	229	3
21	179	3
21	38	4
21	87	4
21	172	3
21	134	3
21	239	4
21	72	4
21	254	5
21	79	4
21	809	3
21	50	3
21	846	3
21	847	5
21	261	5
21	64	4
21	155	3
21	124	4
21	531	3
21	690	5
21	848	5
21	189	4
21	808	4
21	118	5
21	65	3
21	31	2
21	81	4
21	51	3
21	814	4
21	482	4
21	48	3
21	343	4
21	789	3
21	663	4
21	849	4
21	662	3
21	129	5
22	185	4
22	69	2
22	538	4
22	851	4
22	306	4
22	548	2
22	288	5
22	853	5
22	715	4
22	31	5
22	854	2
22	497	5
22	424	3
22	427	4
22	856	2
22	282	3
22	857	2
22	855	5
22	858	4
22	590	2
22	204	4
22	169	5
22	642	4
22	859	2
22	860	2
22	64	5
22	391	4
22	483	5
22	861	2
22	863	2
22	864	4
22	865	5
22	179	4
22	485	4
22	707	3
23	262	2
23	868	1
23	695	5
23	869	4
23	648	4
23	504	3
23	38	4
23	149	5
23	51	4
23	73	2
23	391	3
23	870	2
23	129	3
23	415	4
23	620	2
23	871	3
23	520	4
23	732	3
23	872	4
23	703	3
23	669	4
23	431	3
23	221	4
23	139	4
23	561	3
23	235	3
23	602	3
23	873	3
23	768	4
23	119	2
23	61	4
23	261	4
23	711	4
23	874	3
23	734	2
23	605	4
23	53	3
23	758	4
23	97	4
23	229	4
23	182	5
23	875	2
23	157	3
23	615	2
23	845	3
23	705	3
23	284	3
23	501	4
23	394	1
23	39	2
23	728	3
23	876	3
23	31	2
24	91	5
24	101	5
24	412	4
24	691	5
24	739	4
24	102	5
24	179	3
24	494	4
24	871	5
24	69	5
24	667	4
24	65	3
24	164	5
24	58	3
25	513	4
25	398	2
25	69	1
25	592	4
25	797	4
25	489	10
25	856	3
25	834	1
25	140	4
25	368	3
25	87	5
25	51	4
25	857	5
25	736	2
25	431	3
25	187	3
25	124	5
25	879	2
25	566	5
25	356	3
25	230	5
25	184	5
25	838	4
25	35	1
25	471	5
25	833	3
25	785	5
25	304	4
25	94	4
25	179	2
25	880	2
25	491	2
25	227	4
25	521	2
25	123	1
25	338	5
26	858	5
26	884	5
26	136	3
26	860	3
26	885	5
26	886	4
26	526	5
26	353	5
26	695	5
26	149	5
26	880	4
26	288	4
26	473	5
26	69	3
26	181	4
26	153	5
26	38	4
26	53	4
26	681	4
26	511	4
26	856	4
26	178	4
26	113	4
26	37	4
26	870	4
26	340	5
26	841	4
26	535	3
27	713	5
27	100	5
27	392	5
27	277	5
27	354	3
27	137	3
27	854	4
27	890	3
27	524	2
27	891	5
27	273	2
27	241	5
27	136	5
27	892	3
27	472	4
27	493	4
27	190	3
27	161	4
27	61	5
27	195	5
27	264	4
27	673	4
27	650	4
27	360	3
27	589	3
27	597	4
27	513	5
27	132	4
27	662	4
27	169	4
27	69	4
27	857	4
27	575	5
27	600	3
27	738	4
27	591	3
27	534	4
27	181	4
27	803	4
27	386	4
27	270	4
27	751	5
27	723	4
27	605	4
27	265	4
27	235	2
27	718	2
27	893	5
27	206	3
27	141	7
27	74	3
27	894	5
27	98	5
27	895	4
27	279	5
27	262	4
27	178	4
27	261	4
28	208	5
28	135	5
28	69	4
28	85	9
28	662	4
28	335	5
28	169	7
28	140	5
29	607	3
29	258	3
29	592	3
29	578	1
29	853	4
29	901	5
29	77	4
30	595	5
30	69	5
30	399	3
30	204	5
30	388	4
30	386	3
30	58	3
30	697	2
31	52	4
31	55	4
31	221	5
31	415	4
31	700	5
31	53	3
31	391	3
31	729	3
31	211	3
31	31	3
31	99	3
31	261	5
31	849	4
31	308	4
31	563	2
31	71	4
31	179	5
31	236	3
31	281	4
31	430	4
31	738	4
31	68	4
31	420	3
31	64	5
31	73	4
31	902	4
31	275	3
31	431	4
31	34	4
31	903	3
31	904	2
31	760	3
31	637	4
31	906	4
31	905	4
31	409	2
31	58	3
31	411	5
31	809	4
31	659	4
31	907	5
31	203	2
31	118	4
31	90	5
31	827	2
31	208	4
31	759	3
31	486	4
31	615	4
31	690	4
31	843	4
31	732	4
31	94	5
31	558	4
31	154	4
31	147	4
31	774	5
31	491	5
31	158	5
31	394	3
31	139	4
31	337	5
31	664	3
31	908	4
31	153	5
31	122	5
31	429	5
31	521	3
31	783	5
31	407	2
31	909	5
31	910	4
31	911	4
31	370	5
31	526	5
31	149	5
31	40	3
31	57	4
31	140	3
31	912	4
31	33	4
31	592	2
31	913	4
31	185	4
31	172	5
31	97	4
31	371	4
31	502	5
31	152	4
31	79	5
31	532	4
31	477	5
31	340	5
31	111	8
31	376	3
31	279	4
31	501	4
31	579	2
31	183	4
31	648	5
31	595	5
31	87	3
31	124	4
31	914	4
31	512	3
31	278	5
31	916	4
31	915	4
31	51	4
31	917	4
31	704	4
31	310	4
31	801	2
31	848	5
31	789	2
31	918	4
31	108	4
31	919	3
31	925	3
31	920	5
31	922	2
31	923	4
31	926	4
31	921	3
31	924	4
31	746	4
31	927	2
31	929	2
31	928	4
31	49	4
31	931	4
31	930	4
31	583	4
31	482	4
31	663	4
31	932	3
31	492	4
31	129	4
31	853	3
31	933	4
31	382	4
31	60	5
31	148	4
31	811	3
32	836	5
32	29	5
32	346	4
32	200	5
32	34	4
32	511	5
32	179	4
32	237	5
32	512	5
33	37	2
33	870	2
33	783	3
33	942	5
33	943	3
33	894	4
33	605	4
33	32	5
33	705	3
33	133	1
33	947	2
33	944	4
33	948	4
33	945	2
33	427	4
33	544	2
34	953	5
34	779	5
34	76	4
34	679	5
34	393	4
34	66	3
34	951	4
34	296	4
34	948	3
34	427	4
34	691	5
34	665	4
34	870	2
34	651	5
34	896	3
34	956	4
34	954	5
34	955	5
34	164	3
34	537	5
34	705	4
34	952	4
34	481	5
34	157	5
34	728	2
34	292	3
34	957	2
34	282	4
34	31	3
34	844	4
34	958	4
34	170	5
34	526	5
34	86	5
34	959	5
34	960	5
34	364	5
34	944	4
34	94	3
34	769	5
34	961	5
34	204	5
34	336	5
34	945	7
34	365	4
34	19	5
34	401	5
34	299	5
34	742	4
34	130	7
34	202	5
34	578	2
34	573	4
34	962	5
34	508	5
34	280	5
34	132	4
34	290	5
34	963	4
34	964	4
34	133	4
34	98	5
34	965	5
34	709	5
34	966	5
34	967	5
34	968	5
34	285	5
34	969	5
34	520	5
34	845	5
34	591	3
34	946	9
34	738	10
34	85	5
34	970	5
35	348	5
35	202	2
35	273	1
35	157	3
35	766	5
35	779	3
35	962	4
35	280	2
35	164	2
35	602	3
35	594	1
35	768	4
35	351	4
35	705	2
35	218	4
35	866	2
35	958	1
35	355	3
35	259	4
35	978	2
35	979	3
35	0	4
35	871	4
35	980	4
35	342	2
35	95	4
35	785	8
35	412	2
35	697	4
35	131	4
35	580	4
35	214	5
35	782	5
35	537	1
35	981	4
35	82	4
35	738	4
35	166	3
35	668	2
35	982	2
35	240	4
35	585	4
35	691	5
35	945	7
35	859	1
35	132	5
35	296	2
35	686	5
35	896	2
36	66	2
36	18	4
36	282	4
36	264	4
36	117	3
36	507	5
36	668	4
36	605	5
36	427	4
36	764	5
36	280	2
36	83	1
36	210	4
36	192	4
36	985	4
36	958	1
36	393	2
36	296	2
36	537	5
36	31	4
36	28	1
36	187	3
36	199	9
36	482	10
36	30	3
36	95	4
36	665	3
36	673	3
36	728	2
36	800	4
36	62	4
36	85	4
36	866	4
36	19	5
36	540	5
36	260	3
36	164	2
36	705	5
36	102	5
36	950	3
36	986	4
36	430	3
36	766	1
36	391	4
36	782	4
36	235	4
36	600	4
36	779	2
36	27	5
36	131	4
36	297	3
36	712	2
36	218	2
36	588	2
36	366	4
36	567	5
36	945	3
36	214	4
36	215	5
36	237	3
36	651	4
36	852	2
36	238	4
36	679	3
36	987	3
36	363	4
36	70	4
36	121	4
36	92	3
36	330	2
36	699	5
36	983	3
36	136	4
36	971	3
36	988	4
36	405	3
36	989	5
36	990	4
36	991	2
36	992	4
36	32	10
36	594	2
36	583	5
36	120	5
36	118	1
36	294	5
36	488	2
36	88	3
36	489	5
36	527	5
36	21	5
36	189	3
36	208	1
37	157	5
37	102	4
37	705	4
37	740	3
37	336	3
37	997	5
37	340	5
37	140	2
37	68	5
37	365	3
37	282	4
37	62	5
37	127	5
37	292	5
37	32	5
37	264	5
37	330	5
37	845	4
37	983	4
37	94	4
37	219	5
37	0	4
37	103	5
37	998	4
37	557	5
37	605	3
37	110	4
37	85	10
37	393	4
37	962	3
37	257	4
37	280	4
37	31	4
37	779	3
37	498	5
37	945	10
37	728	4
37	27	5
37	138	4
37	673	4
37	688	5
37	58	5
37	540	5
37	137	5
37	170	5
37	290	5
37	64	5
37	128	5
37	567	5
37	57	3
37	20	5
37	132	3
37	576	4
38	103	5
38	157	5
38	83	5
38	1031	5
38	214	5
38	1013	5
38	1014	5
38	1016	4
38	1026	5
38	1003	5
38	1033	4
38	1018	5
38	1027	4
38	27	5
38	651	5
38	1024	5
38	1015	4
38	338	4
38	1019	5
38	1020	5
38	1022	5
38	1008	5
38	1004	5
38	1023	4
38	1005	5
38	1006	3
38	1007	5
38	1028	4
38	1009	5
38	1010	5
38	1032	4
38	29	5
38	1002	5
38	1030	4
38	481	5
38	687	5
38	1021	5
38	1038	5
38	1039	5
38	1045	5
38	1044	5
38	1043	5
38	1040	5
38	1041	5
38	1042	5
38	1036	9
38	1034	10
38	1017	10
38	1046	4
38	1047	5
38	1050	5
38	1048	5
38	1049	5
38	1025	10
38	1054	3
38	1056	3
38	1055	5
38	1053	4
38	1029	12
38	1068	4
38	1060	5
38	1058	4
38	1059	5
38	812	5
38	1067	5
38	1065	1
38	909	5
38	1061	5
38	1064	5
38	1062	4
38	1057	5
38	1066	5
38	1011	10
38	1063	5
38	1069	5
38	1070	5
38	779	5
38	945	5
38	50	5
38	705	5
38	393	3
38	1071	5
38	1073	2
38	1078	5
38	1076	2
38	1079	5
38	1082	5
38	1074	4
38	1083	5
38	1075	5
38	932	5
38	1080	5
38	1072	1
38	1081	5
38	1077	3
38	1084	5
38	1086	4
38	196	5
38	1085	3
38	1087	2
38	1091	2
38	1090	5
38	1088	5
38	1089	5
38	1096	5
38	1092	5
38	1097	5
38	1098	3
38	1093	5
38	1095	4
38	1099	3
38	1094	5
38	1103	5
38	1012	10
38	1052	8
38	1102	5
38	1100	4
38	1101	5
38	1106	4
38	1107	4
38	1104	4
38	1108	5
38	1105	5
38	1109	5
38	1111	5
38	1110	5
38	1115	5
38	1112	4
38	1113	5
38	1114	4
38	1116	4
38	1117	5
38	1119	5
38	1118	5
38	1121	4
38	1120	4
38	1128	5
38	1131	4
38	1130	3
38	1129	3
38	1123	4
38	1124	5
38	1122	5
38	1125	5
39	945	2
39	62	4
39	85	5
39	507	5
39	1183	5
39	147	3
39	537	2
39	685	3
39	704	4
39	673	3
39	27	5
39	103	5
39	61	5
39	430	4
39	282	3
39	987	4
39	292	5
39	705	5
39	856	4
39	581	4
39	83	3
39	364	5
39	346	4
39	204	3
39	336	4
39	977	4
39	164	4
39	605	5
39	839	4
39	541	3
39	1185	2
39	1184	10
39	611	4
39	955	4
39	944	4
39	588	4
39	697	3
39	759	4
39	299	5
39	671	4
39	567	4
39	721	3
39	140	4
39	1171	2
39	606	4
39	847	5
39	377	4
39	1186	4
39	287	4
39	485	4
39	520	4
39	340	4
39	1187	5
39	141	3
39	951	3
39	994	2
39	682	3
39	584	5
39	718	4
39	779	4
39	94	5
39	791	4
39	896	3
39	330	5
39	98	3
39	575	4
39	51	5
39	431	4
39	1188	4
39	967	4
39	360	2
39	574	3
39	280	4
39	219	4
39	561	2
39	492	4
39	257	5
39	962	3
39	798	4
39	517	2
39	195	5
39	401	4
39	139	4
39	648	9
39	369	5
39	53	4
39	34	9
39	491	3
39	76	4
39	728	3
39	512	4
39	678	4
39	472	2
39	275	4
39	607	4
39	487	5
39	179	4
39	669	4
39	936	4
39	99	4
39	169	5
39	845	4
39	542	4
40	179	5
40	734	4
40	1192	3
40	648	5
40	391	3
40	221	4
40	94	4
40	258	4
40	504	5
40	615	5
40	575	4
40	877	4
40	415	4
40	873	4
40	68	5
40	356	4
40	667	4
40	53	5
40	473	4
40	140	4
40	71	4
40	107	4
40	946	4
40	791	4
40	431	5
40	853	5
40	724	4
40	997	4
40	353	5
40	849	4
40	702	5
40	249	4
40	369	5
40	968	5
40	336	4
40	1193	4
40	39	4
40	310	4
40	292	4
40	402	4
40	453	4
40	471	4
40	164	4
40	845	3
40	856	5
40	768	4
40	950	3
40	779	4
40	1201	4
40	430	5
40	124	5
40	1195	4
40	1197	5
40	316	4
40	157	4
40	1196	5
40	1200	5
40	931	4
40	1194	4
40	1203	4
40	688	3
40	60	5
40	1202	4
40	798	4
40	1198	5
40	1199	4
40	567	3
40	275	4
40	1208	4
40	1078	4
40	1207	5
40	627	5
40	812	5
40	474	5
40	1206	5
40	616	5
40	1204	5
40	1210	4
40	1209	5
40	617	5
40	1205	3
40	491	4
40	955	4
40	700	4
40	1186	3
40	728	4
40	605	4
40	422	3
41	275	2
41	417	2
41	346	5
41	1221	4
41	473	3
41	151	5
41	762	2
41	573	5
41	470	5
41	374	5
41	370	4
41	40	4
41	55	2
41	512	3
41	749	5
41	528	5
41	585	3
41	488	3
41	1222	4
41	453	3
41	784	5
41	201	3
41	543	2
41	373	4
41	1223	3
41	340	5
41	153	4
41	825	4
41	705	2
41	334	8
41	1213	2
41	257	3
41	801	3
41	204	3
41	241	3
41	1001	3
41	776	4
42	254	4
42	810	3
42	752	3
42	170	4
42	507	4
42	709	4
42	157	3
42	338	3
42	275	3
42	60	3
42	370	5
42	779	3
42	331	3
42	99	5
42	511	4
42	1214	3
42	513	4
42	670	2
42	567	4
42	674	4
42	669	4
42	299	5
42	207	3
42	816	4
42	386	4
42	517	4
42	98	4
42	430	4
42	390	3
42	375	4
43	740	4
43	563	1
43	527	5
43	648	3
43	356	5
43	298	5
43	503	4
43	993	3
43	73	4
43	752	5
43	300	3
43	258	4
43	963	3
43	1227	5
43	498	3
43	575	5
43	242	5
43	397	5
43	68	5
43	234	2
43	471	4
43	411	4
43	429	5
43	212	2
43	71	4
43	762	5
43	403	5
43	383	5
43	797	3
43	34	3
43	650	4
43	559	4
43	1228	2
43	969	4
43	1229	3
43	1230	5
43	528	4
43	942	5
43	95	2
43	103	4
43	554	3
43	239	3
43	99	5
43	1211	5
43	1231	5
43	426	3
43	585	3
43	544	3
43	512	4
43	338	3
43	557	5
43	764	5
43	1232	3
43	711	5
43	550	1
43	996	3
43	737	3
43	595	4
43	702	4
43	591	5
43	677	3
43	1233	4
43	257	4
43	1235	3
43	965	4
43	509	4
43	185	4
43	621	4
43	1236	4
43	548	3
43	886	3
43	1237	3
43	499	3
43	810	5
43	241	3
43	872	3
43	779	2
43	949	3
43	841	4
43	1192	4
43	877	4
43	730	3
43	1238	5
43	94	5
43	674	4
43	147	5
43	536	2
43	754	5
43	515	3
43	803	3
43	596	2
43	428	3
43	96	4
43	1234	5
43	275	8
43	1239	4
43	1240	4
43	418	4
43	837	4
43	1241	3
43	699	3
43	1242	3
43	51	5
43	567	3
43	1172	3
43	235	3
43	301	2
43	1243	3
43	1244	3
43	789	3
43	102	5
43	98	4
43	876	3
43	599	5
43	1245	3
43	988	5
43	367	3
43	243	2
43	660	3
43	734	4
43	710	1
44	420	1
44	1254	4
44	179	5
44	1243	4
44	951	2
44	642	2
44	115	5
44	288	5
44	98	4
44	48	4
44	58	3
44	136	4
44	169	5
44	488	5
44	121	4
44	310	3
44	34	4
44	808	1
44	132	4
44	668	4
44	373	5
44	1236	4
44	185	4
44	600	3
44	891	5
44	157	3
44	330	4
44	39	3
44	235	4
44	779	5
44	427	3
44	575	4
44	392	5
44	832	5
44	66	4
44	1224	5
44	669	5
44	791	3
44	673	4
44	605	3
45	738	4
45	709	4
45	430	5
45	1202	4
45	779	2
45	191	4
45	517	4
46	1256	5
46	164	2
46	219	3
46	871	5
46	708	4
46	721	3
46	1222	4
46	267	3
46	576	2
46	680	7
46	669	4
46	102	5
46	833	5
46	167	3
46	508	4
46	424	5
46	579	4
46	149	3
46	291	7
46	60	5
46	247	2
46	401	4
46	692	4
46	27	5
46	62	4
46	153	3
46	181	8
46	585	3
46	163	5
46	177	3
46	290	4
46	881	4
46	337	5
46	496	4
46	614	5
46	103	5
46	215	5
46	1257	3
46	340	5
47	0	5
47	133	3
47	886	4
47	246	4
47	348	5
47	357	4
47	76	3
47	1258	4
47	705	4
47	258	4
47	687	5
47	209	4
47	37	4
47	103	4
47	19	3
47	1260	3
47	216	5
47	759	3
47	20	4
47	214	5
47	389	3
48	76	1
48	868	4
48	140	3
48	157	7
48	997	3
48	432	1
48	874	3
48	83	2
48	27	5
48	535	4
48	869	3
48	51	4
48	419	2
48	1262	3
48	956	4
48	1263	9
48	424	4
48	955	4
48	1264	3
48	52	4
48	78	4
48	546	1
48	514	3
48	1190	8
48	1265	2
48	989	4
49	685	3
49	209	5
49	664	5
49	1270	5
49	869	4
49	687	4
49	1259	4
49	355	4
49	1254	4
49	207	5
49	1271	5
49	1272	2
49	76	1
49	1273	4
49	1274	2
49	1275	3
49	559	4
49	896	3
49	673	5
49	945	3
49	684	3
49	1184	3
49	1267	4
50	548	4
50	20	4
50	242	4
50	497	3
50	773	5
50	785	4
50	132	4
50	102	4
50	600	4
50	423	5
50	27	5
50	91	3
50	866	4
50	553	3
50	967	4
50	896	3
50	845	4
50	290	4
50	427	5
50	669	4
50	49	5
50	999	4
50	502	5
50	1189	4
50	664	5
50	280	4
50	673	4
50	955	3
50	705	4
50	76	2
50	944	4
51	432	2
51	1280	2
51	773	4
51	427	4
51	506	3
51	207	2
51	62	3
51	705	3
51	470	6
51	859	4
51	37	2
51	360	3
51	132	5
51	424	4
51	953	4
51	1229	4
51	430	5
51	1282	2
51	236	4
51	353	5
51	1263	4
51	1281	3
51	600	1
51	1264	3
51	959	5
51	856	4
51	1283	4
51	221	5
51	599	4
51	66	3
51	552	3
51	585	2
51	292	3
51	567	5
51	420	4
51	559	5
51	733	4
51	247	4
51	272	3
51	1275	2
51	280	3
51	673	4
51	702	4
51	1174	3
51	71	2
51	143	5
51	234	4
51	749	5
51	515	3
52	741	5
52	0	5
52	263	4
52	364	2
52	1172	3
52	124	4
52	76	2
52	131	5
52	607	4
53	71	1
53	76	3
53	131	5
53	338	3
53	299	5
53	674	3
53	570	4
53	29	4
53	424	4
53	179	5
53	284	3
53	51	4
53	642	4
53	288	5
53	185	2
54	665	4
54	76	4
54	1288	4
54	1276	3
54	850	4
54	68	5
54	393	4
54	835	4
54	37	4
54	951	4
54	95	4
54	650	4
54	860	4
54	958	3
55	83	5
55	961	4
55	828	4
55	280	3
55	955	3
55	611	4
55	593	2
55	527	5
55	872	3
55	578	2
55	756	4
55	590	4
55	127	4
55	95	3
55	357	3
55	1192	2
55	602	2
55	98	5
55	557	3
55	581	5
55	275	4
55	964	5
55	665	4
55	185	5
55	952	3
55	402	3
55	965	4
55	1291	3
55	894	5
55	962	2
55	555	4
55	599	5
55	249	7
55	705	4
55	251	5
55	1236	4
55	605	3
55	471	5
55	240	4
55	551	4
55	661	9
55	242	5
55	391	4
55	1292	4
55	318	4
55	613	3
55	498	5
55	722	2
55	1225	4
55	393	3
55	360	5
55	536	3
55	428	4
55	235	4
55	956	3
55	959	4
55	20	5
55	85	10
55	453	4
55	650	4
55	403	3
55	1293	2
55	503	5
55	243	3
55	241	4
55	39	4
55	585	2
55	179	5
55	710	1
55	532	4
55	1174	4
55	660	5
55	499	8
55	136	5
55	133	4
55	1294	5
55	258	4
55	545	5
55	609	4
55	567	4
55	107	5
55	1261	4
55	76	1
55	528	4
55	769	4
55	692	5
55	1295	3
55	387	5
55	289	5
55	356	5
55	401	3
55	299	5
55	873	4
55	150	5
55	517	3
55	282	5
55	1296	2
55	512	5
55	1187	5
55	208	4
55	245	5
55	801	3
55	295	5
55	896	3
55	997	3
55	285	5
55	274	4
55	354	4
55	420	1
55	71	11
55	607	5
55	751	2
55	374	5
55	267	5
55	431	5
55	621	4
55	553	5
55	209	5
56	170	5
56	179	5
56	34	3
56	66	5
56	567	3
56	487	5
56	76	1
57	76	2
57	1304	5
57	575	4
57	83	5
57	606	4
57	896	3
57	473	5
57	900	5
57	568	4
57	566	5
57	1254	5
57	951	4
57	525	4
57	866	5
57	157	5
57	412	2
57	787	5
57	537	5
57	590	5
57	393	2
57	66	3
57	611	2
57	345	5
57	62	5
57	296	1
57	331	4
57	583	4
58	103	5
58	846	4
58	179	4
58	1236	3
58	705	3
58	367	4
58	575	5
58	1222	4
58	218	4
58	857	3
58	1185	5
58	224	5
58	170	4
58	669	5
58	697	3
58	393	2
58	662	4
58	540	5
58	453	3
58	479	5
58	189	4
58	131	5
58	499	4
58	651	3
58	121	3
58	331	4
58	788	5
58	200	4
58	698	4
58	759	5
58	199	5
58	48	3
58	405	4
58	76	3
59	945	4
59	781	4
59	1306	3
59	824	4
59	76	2
59	545	4
59	257	4
59	562	3
59	535	4
59	705	3
59	179	1
59	855	4
59	208	4
60	554	3
60	1265	2
60	19	5
60	31	4
60	258	3
60	517	6
60	1231	2
60	95	3
60	702	4
60	1284	4
60	963	4
60	1264	1
60	412	4
60	55	4
60	945	1
60	783	4
60	535	5
60	282	4
60	297	2
60	552	2
60	580	3
60	271	4
60	365	8
60	560	3
60	231	3
60	234	3
60	1227	8
60	1308	7
60	426	4
60	240	7
60	298	1
60	394	3
60	391	4
60	1263	3
60	959	3
60	741	14
60	340	10
60	526	9
60	852	2
60	570	4
60	483	4
60	209	10
60	239	5
60	430	4
60	98	4
60	508	4
60	85	10
60	99	3
60	699	4
60	557	4
60	422	4
60	810	4
60	120	9
60	1186	3
60	769	3
60	667	4
60	229	5
60	245	2
60	130	8
60	676	6
61	600	3
61	783	4
61	279	5
61	187	4
61	866	4
61	575	4
61	705	4
61	369	4
61	95	3
61	136	4
61	261	5
61	310	3
61	51	4
61	121	4
61	1310	5
61	1311	4
61	1255	4
61	381	5
61	181	5
61	977	3
61	577	5
61	162	5
61	669	4
61	27	5
61	179	5
61	484	2
62	136	5
62	291	5
62	111	5
62	785	5
62	286	3
62	48	5
62	134	4
62	110	4
62	121	3
62	857	5
62	995	5
62	346	3
62	156	4
62	543	3
62	254	5
62	137	3
62	1313	4
62	305	4
62	951	3
62	705	5
62	572	3
62	206	3
62	680	5
62	35	4
62	219	5
62	513	4
62	967	1
62	642	4
62	944	3
62	189	3
62	669	5
62	583	3
62	176	4
62	834	5
62	390	4
62	853	5
62	288	4
62	601	3
62	76	1
62	59	4
62	131	4
62	93	3
62	798	4
62	146	4
62	127	4
62	1261	3
62	606	5
62	191	5
62	1258	4
62	138	4
62	972	2
62	508	4
62	27	5
62	600	3
62	769	5
62	33	5
62	167	2
62	126	3
62	580	4
62	479	5
63	978	4
63	946	4
63	766	3
63	651	5
63	552	4
63	591	4
63	954	4
63	348	5
63	605	5
64	31	5
64	575	4
64	666	4
64	534	3
64	133	3
64	1317	5
64	53	4
64	258	1
64	1288	4
64	119	5
64	679	3
64	66	2
64	740	5
64	601	4
64	544	5
64	705	4
64	896	3
64	600	2
64	677	4
64	946	2
64	585	2
64	1270	2
64	503	4
64	481	5
64	1233	3
64	1280	4
64	225	4
64	954	4
64	382	5
64	96	4
64	103	5
64	605	5
64	150	4
64	38	4
64	1318	5
64	19	3
64	20	4
64	250	2
64	426	3
64	1319	3
64	498	4
64	212	4
64	55	4
64	696	4
64	300	5
64	995	2
64	428	2
64	697	2
64	1282	1
64	700	3
64	1271	5
64	968	5
64	1264	4
64	942	5
65	280	4
65	679	5
65	600	2
65	609	2
65	591	4
65	1321	4
65	667	4
65	1325	4
65	1322	4
65	1324	4
65	1323	2
65	727	4
65	1243	3
65	405	4
65	67	4
65	132	2
65	1076	4
65	1327	4
65	1328	5
65	1326	2
65	1331	2
65	1330	5
65	693	4
65	527	3
65	62	4
65	770	4
65	0	4
65	115	4
65	212	2
65	412	2
65	230	2
65	40	5
65	773	5
65	59	4
65	139	3
65	60	4
65	471	4
65	688	1
65	1184	5
65	662	4
65	590	4
65	58	3
65	112	4
65	64	4
65	118	4
65	124	2
65	136	4
65	310	4
65	1283	4
65	66	3
65	98	4
65	131	4
65	697	3
65	723	4
65	411	4
65	51	4
65	365	5
65	500	4
65	504	4
65	83	2
65	346	4
65	430	4
65	708	5
65	696	3
65	85	4
65	95	4
65	846	3
66	870	5
66	527	4
66	650	4
66	426	4
66	1283	2
66	1288	5
66	553	2
66	208	5
66	548	3
66	1272	3
66	136	4
66	862	5
66	886	4
66	1235	1
66	258	2
66	956	2
66	336	5
66	800	4
66	741	4
66	986	4
66	859	3
66	98	5
66	1338	1
66	738	5
66	869	4
66	1339	3
66	422	3
66	515	2
66	201	2
66	964	5
66	1243	4
66	150	5
66	365	4
66	854	4
66	292	4
66	590	4
66	705	4
66	1280	3
66	605	3
66	157	3
66	728	3
66	95	3
66	537	4
66	783	3
66	697	4
66	1185	5
66	856	2
66	290	3
66	1340	4
66	868	2
66	561	2
66	68	5
66	687	3
66	403	4
66	391	2
66	575	3
66	393	3
66	1341	4
66	536	2
66	1170	2
66	246	3
66	952	3
66	999	2
66	963	4
66	37	2
66	685	3
66	481	5
66	969	4
66	749	5
66	945	2
66	593	1
66	299	4
66	356	3
66	1212	3
66	1174	3
66	164	4
66	209	3
66	714	4
66	959	3
66	559	4
66	951	3
66	1189	3
66	1343	3
66	542	2
66	1314	2
66	389	3
66	974	4
66	1261	4
66	946	2
66	235	4
66	1344	3
66	613	3
66	756	2
66	852	4
66	308	4
66	750	4
66	360	4
66	567	3
66	965	4
66	1266	3
66	552	3
66	987	4
66	690	3
66	978	1
66	893	3
66	1275	2
66	1345	2
66	865	3
66	588	3
66	7	5
66	1297	3
66	950	2
66	1346	5
66	390	3
66	1271	3
66	787	3
66	649	3
66	343	4
66	551	2
66	665	7
66	601	3
66	798	5
66	357	3
66	591	5
66	514	2
66	1347	3
66	875	2
66	1254	3
66	550	4
66	679	2
66	673	4
66	896	2
66	580	7
66	182	9
66	85	5
66	364	5
66	132	3
66	348	4
66	600	3
66	103	4
66	1242	5
66	1290	5
66	688	5
66	1342	3
66	1279	5
66	1296	2
66	1349	4
66	517	4
66	1348	5
67	504	4
67	338	4
67	648	4
67	497	5
67	878	5
67	139	4
67	679	3
67	393	3
67	66	4
67	972	4
67	190	2
67	179	3
67	430	4
67	707	4
67	1356	4
67	34	5
67	181	4
68	696	5
68	58	4
68	202	4
68	127	5
68	1357	4
68	1264	4
68	182	5
68	561	3
68	789	4
68	124	5
68	264	3
68	411	5
68	704	4
68	62	5
68	688	3
68	256	5
68	27	5
68	153	4
68	278	4
68	679	4
68	112	4
68	669	5
68	791	2
68	798	5
68	583	3
68	487	5
68	305	5
68	181	5
68	123	3
68	53	6
68	1202	4
68	738	5
68	732	3
68	292	3
68	35	4
68	185	4
68	834	4
68	122	4
69	800	3
69	242	4
69	1245	5
69	422	2
69	430	3
69	591	4
69	1184	5
69	986	3
69	140	5
69	471	5
69	886	4
69	724	4
69	605	5
69	740	5
70	405	3
70	427	5
70	600	1
70	679	4
70	857	4
70	671	4
70	221	4
71	741	4
71	1254	5
71	1279	5
71	941	1
71	866	4
71	246	3
71	770	5
71	368	5
72	136	5
72	53	4
72	98	4
72	165	5
72	356	1
72	721	2
72	561	3
72	85	4
72	51	4
72	339	5
72	1254	3
72	391	4
72	1232	4
72	861	2
73	687	2
73	1345	2
73	239	5
73	1268	5
73	95	4
73	367	2
73	1173	5
73	1359	3
73	1254	2
73	183	5
73	554	4
73	575	2
73	664	5
73	1172	2
73	696	5
73	205	2
73	569	5
73	160	5
73	1342	7
73	38	5
73	73	3
74	55	5
74	145	5
74	149	5
74	517	3
74	178	4
74	1188	4
74	54	2
74	884	5
74	53	4
74	1346	4
74	71	3
74	346	3
74	143	10
74	560	5
74	553	2
74	147	4
74	675	3
74	179	3
74	103	4
74	95	3
74	102	5
74	605	4
74	708	5
74	342	3
74	1257	5
74	332	5
74	31	4
74	711	2
74	835	4
74	1360	4
74	300	4
74	282	4
74	481	5
74	309	3
74	783	4
74	1262	4
74	307	4
74	1361	3
74	104	5
74	335	4
74	545	5
74	965	4
74	136	4
74	763	4
74	94	4
74	337	5
74	431	5
74	264	3
74	727	2
74	172	4
74	508	4
74	674	3
74	150	5
74	219	3
74	1192	3
74	870	4
74	714	4
74	814	5
74	204	4
74	830	2
74	678	4
74	343	4
74	420	3
74	110	3
74	152	4
74	107	4
74	121	4
74	139	5
74	183	4
74	595	4
74	769	4
74	703	3
74	453	4
74	1202	3
74	85	3
74	776	4
74	1356	10
74	849	3
74	1232	2
74	232	3
74	60	5
74	664	4
74	73	4
74	1349	4
74	206	2
74	1222	4
74	83	3
74	669	5
74	851	4
74	491	5
74	135	3
74	1254	2
74	371	5
74	692	4
74	694	3
74	154	5
74	158	5
74	205	3
74	195	4
74	210	2
74	356	7
74	699	4
74	648	4
74	477	5
74	528	3
74	509	5
74	591	3
74	92	4
74	275	3
74	185	3
74	808	3
74	270	2
74	304	4
74	229	4
74	1250	2
74	111	9
74	394	3
74	784	3
74	182	4
74	236	4
74	207	3
74	791	4
74	620	4
74	866	3
74	504	4
74	129	4
74	339	5
74	108	4
74	567	3
74	336	4
74	585	3
74	487	4
74	788	4
74	411	5
74	811	3
74	998	4
74	331	3
74	221	4
74	557	3
74	936	5
74	723	4
74	873	4
74	181	4
74	707	3
74	162	4
74	865	5
74	412	2
74	295	5
75	549	2
75	254	4
75	181	5
75	1202	3
75	83	4
75	204	4
75	120	3
75	97	5
75	857	4
75	583	4
75	282	3
75	65	3
76	39	4
76	164	4
76	1362	4
76	1229	3
76	254	4
76	136	5
76	1254	3
76	124	5
76	66	4
76	896	3
76	857	4
76	88	3
76	185	4
76	614	5
76	181	5
76	995	4
76	18	3
76	151	5
76	601	5
76	891	3
76	135	3
76	834	4
76	140	5
76	195	5
76	811	3
77	1276	3
77	1254	4
77	891	5
77	60	5
77	430	5
77	933	5
77	101	3
77	691	4
77	553	1
77	125	5
77	362	3
77	202	5
77	980	4
77	608	4
77	62	3
77	845	4
77	561	4
77	665	4
77	363	3
77	68	4
77	1299	4
77	365	2
77	427	4
77	483	2
77	783	5
77	419	2
77	482	5
78	32	5
78	78	5
78	506	4
78	1365	5
78	1364	5
78	1004	5
78	1366	5
78	214	5
78	393	5
78	30	5
78	684	5
78	871	3
78	282	5
78	215	5
78	1367	4
78	1368	4
78	1369	3
78	1370	4
78	1372	5
78	1373	4
78	1375	5
78	1377	4
78	1376	3
78	1378	4
78	1379	5
78	1027	5
78	462	5
78	1380	4
78	1382	5
78	1381	1
78	1383	4
78	1385	3
78	1384	4
78	1386	4
78	1387	5
78	1388	4
78	468	4
78	1389	4
78	1391	5
78	1392	3
78	1393	5
78	1394	4
78	1395	4
78	1396	5
78	1397	5
78	1398	4
78	1399	5
78	196	15
78	1400	5
78	1401	5
78	1371	15
78	1145	5
78	1402	4
78	1403	5
78	1404	5
78	1407	3
78	1374	10
78	1390	15
78	1408	4
78	1409	4
78	1410	4
78	1411	5
78	1412	5
78	1413	3
78	1414	4
78	1415	5
78	1416	4
78	1418	4
78	1417	5
78	437	4
78	1419	1
78	1420	5
78	1182	5
78	1406	12
78	1422	4
78	1421	5
78	1423	3
79	83	5
79	1322	2
79	1337	5
79	1453	3
79	1454	4
79	1455	4
79	1456	5
79	1457	5
79	1216	5
79	734	4
80	763	2
80	995	2
80	282	4
80	668	4
80	994	4
80	393	2
80	292	4
80	504	4
80	235	1
81	1190	5
81	68	5
81	247	1
81	665	5
81	102	3
81	955	1
81	393	1
81	896	4
81	85	5
81	586	3
81	518	8
82	420	4
82	30	5
82	103	5
82	585	5
82	869	4
82	393	4
82	866	4
82	1458	3
82	1459	2
82	1460	4
82	1461	5
82	1462	4
82	1463	5
82	1464	4
82	1465	5
82	1278	4
83	117	4
83	31	4
83	691	5
83	121	4
83	0	5
83	594	3
83	765	4
83	26	4
83	994	4
83	1283	3
83	583	3
83	393	2
83	411	4
83	51	4
83	185	1
84	484	4
84	300	4
84	125	5
84	554	4
84	209	3
84	363	4
84	393	3
85	115	4
85	1466	2
85	88	3
85	726	5
85	202	5
85	681	5
85	390	3
85	1227	5
85	430	4
85	274	3
85	282	4
85	471	3
85	113	4
85	1470	4
85	748	2
85	338	5
85	369	4
85	201	3
85	31	5
85	1232	4
85	98	5
85	246	3
85	1304	4
85	986	4
85	393	3
85	52	3
85	1267	3
85	896	2
85	266	4
85	498	3
85	770	4
86	734	3
86	504	5
86	575	2
86	601	4
86	1472	3
86	1473	2
86	499	3
86	39	2
86	717	2
86	129	5
86	527	3
86	984	2
86	515	4
86	751	3
86	1474	4
86	514	4
86	756	4
86	649	4
86	772	5
86	1339	5
86	403	3
86	650	3
86	875	4
86	1228	4
86	336	5
86	395	4
86	93	3
86	696	5
86	590	4
86	662	4
86	556	4
86	300	4
86	481	5
86	687	2
86	390	4
87	900	5
87	427	4
87	50	5
87	849	5
87	1260	5
87	590	3
87	967	8
87	956	4
87	249	4
87	395	3
87	1192	5
87	483	4
87	1291	5
87	119	4
87	533	1
87	1213	6
87	401	5
87	721	5
87	1212	5
87	947	2
87	518	5
87	393	3
87	598	5
87	412	4
87	157	4
87	504	4
87	675	4
87	27	4
87	1338	4
87	411	5
87	210	4
87	972	2
87	234	8
87	212	4
88	1478	4
88	1480	4
88	1009	4
88	1482	4
88	1027	4
88	1483	4
88	1481	7
88	1490	4
88	1484	4
88	1494	3
88	1495	3
88	1492	4
88	1491	3
88	1489	3
88	1493	4
88	1485	3
88	1487	3
88	1486	3
88	1496	5
88	1497	3
88	1498	4
88	1031	5
88	1500	5
88	1499	4
88	1501	5
88	1502	4
88	1503	2
88	1504	5
88	1506	5
88	1507	4
88	1508	4
88	1505	5
88	1104	3
88	1510	3
88	1515	5
88	1516	5
88	1509	4
88	1514	3
88	1517	2
88	1512	5
88	1513	2
88	1518	4
88	1511	3
88	1524	3
88	1521	5
88	1522	2
88	1519	4
88	1523	5
88	1520	4
88	1525	4
88	1526	2
88	1528	4
88	1529	5
88	1530	4
88	1488	4
88	1532	4
88	1527	4
88	1533	4
88	1534	4
88	1531	3
88	1356	4
88	1014	1
88	1131	5
88	1149	4
88	1536	3
88	1537	4
88	1535	4
88	1538	3
88	1396	3
88	1540	4
88	1542	4
88	1541	3
88	1539	2
88	1100	3
89	1560	1
89	1282	5
89	1184	4
89	1361	1
89	1356	3
89	567	3
89	1561	1
89	490	5
89	138	4
89	893	2
89	585	1
89	1268	5
89	1247	1
89	55	3
89	848	5
89	430	5
89	676	2
90	558	2
90	268	4
90	1562	2
90	179	3
90	589	9
90	864	10
90	837	4
90	247	3
90	642	4
90	412	3
90	787	15
90	393	9
90	1563	10
90	279	8
90	413	9
90	171	2
90	202	3
90	264	5
91	420	4
91	59	4
91	1564	3
91	365	4
91	85	2
91	82	5
91	607	4
91	545	5
91	199	4
91	1295	4
91	189	4
91	58	5
91	1214	5
91	680	3
91	164	2
91	605	4
91	183	5
91	19	4
91	291	3
91	692	5
91	285	5
91	0	4
91	508	5
92	583	4
92	1344	5
92	798	5
92	561	5
92	254	5
92	157	4
92	82	5
92	127	5
92	580	3
92	228	5
92	156	5
92	47	4
92	1565	5
92	832	5
92	342	5
93	692	3
93	181	5
93	501	3
93	169	5
93	58	3
93	492	2
93	129	5
93	164	3
93	330	5
93	803	3
93	229	4
93	487	4
93	569	4
93	642	5
93	285	5
93	700	3
93	811	4
93	158	4
93	431	2
93	473	5
93	857	4
93	512	4
93	967	4
93	710	1
93	221	5
93	732	5
93	791	5
93	103	5
93	998	3
93	310	5
93	292	3
93	393	2
93	544	4
93	849	4
93	827	2
93	147	5
94	288	4
94	158	3
94	809	4
94	856	4
94	707	4
94	229	2
94	309	4
94	665	2
94	310	4
94	492	3
94	783	4
94	121	4
94	219	4
94	479	5
94	102	5
94	894	5
94	221	3
94	540	3
94	393	4
94	299	3
95	871	5
95	52	3
95	164	4
95	849	4
95	620	4
95	815	5
95	99	4
95	67	4
95	190	1
96	393	2
96	66	4
96	1568	4
96	1570	3
96	1569	2
96	1567	3
96	1571	4
96	1060	3
96	1572	4
96	318	3
96	1573	5
96	1310	5
96	1577	5
96	1576	5
96	1579	3
97	517	3
97	279	3
97	292	4
97	179	5
97	583	4
97	156	4
97	341	4
97	176	2
98	1316	5
98	333	4
98	66	1
98	870	5
98	605	5
98	157	5
98	527	4
98	800	4
98	189	4
98	282	5
98	798	5
98	342	5
98	978	4
98	952	4
98	1581	5
98	355	4
98	548	5
98	1474	3
98	946	5
98	1258	5
98	728	2
98	585	4
98	613	5
98	226	4
98	871	4
98	994	9
98	237	4
98	972	2
98	121	4
98	337	4
99	1582	2
99	1356	4
99	1583	5
99	1584	5
99	1585	4
99	742	5
99	1586	4
99	1587	5
99	1526	4
99	1588	5
99	1515	4
99	1493	3
99	1589	4
99	1591	4
99	859	3
99	560	3
99	282	3
99	395	4
99	29	3
99	0	4
99	1247	2
99	247	7
99	27	5
99	979	4
99	1319	4
99	672	12
99	66	3
99	1280	3
99	1488	4
99	1594	4
99	1595	4
99	1592	3
99	1593	3
99	1596	4
99	1243	8
99	773	10
99	309	4
99	33	2
99	1390	4
99	1598	4
99	1590	6
99	1597	3
99	77	5
99	1361	4
99	336	5
99	713	4
99	690	4
99	150	5
99	60	3
99	1260	5
99	105	2
99	1268	5
99	826	3
99	763	5
99	185	4
99	178	5
99	287	5
99	340	5
99	120	5
99	1599	3
99	1600	4