17	0
17	1
17	2
69	2
69	3
779	4
779	5
76	6
76	7
76	2
679	8
679	9
1254	10
1254	8
1254	11
1254	9
1254	2
393	12
393	13
393	8
393	10
393	14
393	9
393	2
66	4
66	13
66	15
66	2
405	9
405	16
673	4
673	17
962	18
962	19
962	20
951	8
951	11
951	9
951	2
972	8
972	13
972	9
972	2
296	13
296	21
296	22
296	2
866	22
866	23
866	24
866	2
944	25
944	1
944	26
944	2
611	27
611	28
611	19
945	13
945	29
945	2
427	30
427	2
368	31
368	32
1298	33
1298	19
1246	4
1246	34
843	35
843	2
843	3
245	36
245	37
740	4
740	5
740	38
740	2
563	8
563	2
563	39
563	40
563	9
1268	41
1268	42
772	8
772	12
772	9
772	43
602	44
602	19
602	45
602	46
602	47
1192	21
1192	2
728	4
728	48
728	17
648	8
648	49
648	50
648	9
648	2
648	29
800	4
800	5
800	51
800	2
249	21
249	2
986	52
986	4
986	51
986	2
986	48
607	53
607	54
607	55
607	56
835	57
835	49
835	2
973	58
973	59
973	12
973	60
131	4
131	61
131	62
482	2
482	3
737	10
737	8
737	9
204	63
204	10
204	8
204	9
204	2
332	64
332	4
216	58
216	12
172	2
172	3
596	4
596	17
297	11
297	1
297	2
539	12
539	65
539	66
539	67
539	68
539	69
32	70
32	12
32	71
782	4
782	17
230	72
230	73
230	2
608	29
608	2
199	21
199	2
138	11
138	2
62	0
62	29
62	2
117	8
117	21
117	9
117	2
98	10
98	8
98	74
98	9
98	2
852	13
852	2
165	9
165	8
165	1
165	2
1305	72
1305	73
1305	2
18	75
18	76
18	2
682	4
682	5
1281	77
1281	78
826	11
826	2
684	30
684	2
675	79
675	8
675	9
675	2
662	8
662	80
662	9
662	81
662	11
662	2
937	4
937	82
937	48
937	2
937	3
1259	83
1259	84
1259	85
581	86
581	1
581	2
113	4
113	17
113	75
113	2
247	30
247	2
988	4
988	5
206	87
206	49
206	2
1255	87
1255	49
1255	88
1255	2
367	2
367	3
878	89
878	2
1470	4
1470	17
546	1
546	2
359	4
359	5
1295	4
1295	17
757	53
757	90
839	91
839	19
681	72
681	2
270	92
270	72
270	2
678	12
678	93
54	30
54	2
892	21
892	2
815	89
815	2
674	4
674	48
674	94
1296	4
1296	17
560	4
560	61
669	95
669	12
669	93
890	8
890	9
150	4
150	96
150	17
150	97
150	48
1360	12
1360	98
530	87
530	1
530	26
530	2
382	4
382	5
284	2
284	3
271	21
271	2
941	6
941	2
423	83
423	31
423	99
257	31
257	100
207	30
207	2
250	21
250	2
272	10
272	101
272	9
272	8
272	2
1320	102
1320	2
949	4
949	5
982	11
982	2
344	64
344	4
901	21
901	2
1318	103
1318	104
1318	19
532	21
532	2
1354	105
1354	2
1262	106
1262	2
847	4
847	17
847	107
847	2
225	105
225	2
1231	8
1231	13
1231	9
1231	2
377	4
377	17
377	107
377	2
213	106
213	2
258	13
258	29
258	2
244	30
244	2
244	3
31	6
31	13
31	89
31	2
963	8
963	2
963	9
963	3
231	4
231	61
1227	10
1227	8
1227	13
1227	9
1227	2
498	8
498	13
498	9
498	2
531	0
531	1
531	2
426	2
426	3
770	102
770	2
1258	11
1258	2
0	3
0	21
0	2
613	33
613	19
142	64
142	4
191	88
191	49
191	2
91	24
91	2
64	3
64	21
64	2
115	72
115	73
115	2
101	21
101	2
786	8
786	13
786	6
786	9
786	39
786	2
259	108
259	19
724	4
724	5
1247	53
1247	109
660	110
660	28
660	19
660	111
660	112
1194	77
1194	113
1194	114
1194	78
504	23
504	2
615	73
615	2
1241	64
1241	4
1241	115
575	8
575	13
575	9
575	2
1260	78
1260	116
1260	117
1260	118
1260	119
1260	66
428	11
428	2
470	77
470	78
470	120
56	8
56	2
56	13
56	39
56	9
1228	8
1228	13
1228	9
1228	2
336	64
336	4
336	62
997	4
997	61
997	5
877	4
877	1
877	115
877	0
877	2
242	19
242	121
242	20
242	122
242	31
242	18
242	123
242	91
755	4
755	124
755	0
755	125
755	83
755	2
585	4
585	17
876	28
876	19
876	103
876	126
876	127
876	128
1472	8
1472	21
1472	9
1472	2
415	2
415	3
873	129
873	130
873	2
1473	8
1473	4
1473	115
1473	131
1473	9
1473	81
544	0
544	2
726	0
726	132
726	133
726	2
555	6
555	7
555	2
432	24
432	2
717	11
717	2
586	1
586	2
1561	72
1561	134
1561	24
1561	2
396	8
396	9
1599	83
1599	31
1599	99
655	83
655	135
1088	83
1088	31
1088	99
1378	12
1378	71
1048	12
1048	43
1048	136
1048	9
1048	66
1048	137
1502	66
1502	138
1393	58
1393	59
1393	12
1393	60
1387	21
1387	3
1387	1
1387	2
1428	139
1428	140
1428	19
1428	18
1452	8
1452	30
1452	50
1452	9
1452	89
1452	2
1116	77
1116	141
1116	142
1116	78
1509	143
1509	2
1505	0
1505	11
1505	31
1505	100
1505	2
1416	4
1416	48
1416	144
1416	19
1416	47
1092	8
1092	0
1092	50
1092	9
1092	3
1092	2
1586	0
1586	2
1585	6
1585	74
1585	2
1423	1
1423	0
1423	29
1423	2
1592	145
1592	12
1592	146
1592	9
1592	2
1002	83
1002	135
188	89
188	2
1381	83
1381	84
1381	85
919	64
919	4
1526	13
1526	2
1510	0
1510	13
1510	2
1484	89
1484	2
1506	4
1506	13
1506	15
1506	2
1364	6
1364	13
1364	29
1364	2
433	12
433	21
433	9
433	43
433	2
1368	4
1368	147
1527	13
1527	21
1527	26
1527	2
1583	75
1583	2
452	13
452	148
452	2
466	2
466	21
466	3
447	51
447	11
447	49
447	2
434	0
434	13
434	2
435	64
435	4
435	38
435	1
435	2
1519	9
1519	8
1519	75
1519	76
1519	2
1372	30
1372	8
1372	89
1372	9
1372	2
454	9
454	8
454	13
454	39
454	2
458	13
458	2
1134	66
1134	58
1134	12
1134	149
1134	136
1141	1
1141	21
1141	86
1141	2
1175	4
1175	62
1175	13
1175	2
1053	13
1053	2
1122	4
1122	17
1122	19
1122	150
1485	21
1485	1
1485	2
1543	9
1543	8
1543	13
1543	39
1543	2
1511	30
1511	89
1511	2
1486	30
1486	13
1486	2
1147	21
1147	2
1446	8
1446	2
1446	9
1446	11
1446	39
1446	21
1369	51
1369	151
1369	26
1369	2
1	3
1	21
1	2
9	8
9	13
9	9
9	2
2	131
2	8
2	9
3	6
3	74
3	22
3	2
23	131
23	8
23	9
23	81
23	2
1604	83
1604	31
1604	99
1384	12
1384	98
334	0
334	29
334	2
232	10
232	8
232	11
232	9
232	2
1232	12
1232	13
1232	43
1232	8
1232	9
1232	2
282	8
282	13
282	9
282	2
1344	10
1344	8
1344	9
202	101
202	8
202	152
202	10
202	9
202	2
599	33
599	110
599	28
599	19
798	9
798	1
798	107
798	8
798	2
395	8
395	9
395	2
412	72
412	73
412	2
341	21
341	2
200	12
200	93
200	43
200	100
200	9
200	31
766	4
766	5
514	8
514	9
514	81
966	19
966	153
966	103
966	53
966	104
966	66
966	154
389	131
389	8
389	9
28	87
28	3
28	21
28	2
342	87
342	49
342	2
537	4
537	13
537	155
537	2
357	131
357	8
357	9
1563	8
1563	13
1563	9
1563	2
343	8
343	9
343	81
590	81
590	8
590	9
590	156
844	3
844	11
844	2
347	1
347	2
75	13
75	29
75	2
591	51
591	157
591	26
591	2
578	7
578	2
551	33
551	19
1261	127
1261	28
1261	19
1261	158
1261	126
350	131
350	8
350	9
756	131
756	8
756	9
756	159
978	29
978	2
348	4
348	51
348	5
348	0
348	2
663	133
663	2
222	160
222	8
222	11
222	9
222	2
145	102
145	161
145	2
208	3
208	13
208	2
952	4
952	17
1279	21
1279	2
814	162
814	2
335	0
335	29
335	2
337	64
337	4
337	62
29	83
29	59
29	163
29	60
1581	8
1581	30
1581	50
1581	9
1581	89
1581	2
226	8
226	6
226	9
226	11
226	39
226	2
121	8
121	13
121	10
121	9
121	164
121	2
419	11
419	2
871	30
871	2
1285	13
1285	2
668	3
668	21
668	2
545	165
545	60
556	1
556	2
515	131
515	8
515	13
515	9
515	2
1297	2
1297	3
1346	4
1346	82
1346	107
1346	48
1346	2
1339	73
1339	24
1339	2
548	92
548	73
548	24
548	2
751	10
751	8
751	9
1287	1
1287	2
1245	18
1245	19
1245	112
1245	20
481	4
481	61
1233	88
1233	2
1280	166
1280	105
1280	2
687	164
687	2
1477	2
1477	3
1566	24
1566	2
1355	105
1355	2
1301	21
1301	2
1170	151
1170	24
1170	2
523	21
523	2
1338	167
1338	24
1338	2
1272	75
1272	2
985	4
985	115
985	2
985	5
985	1
1474	75
1474	2
903	29
903	2
1560	53
1560	109
1560	90
783	4
783	168
783	38
783	134
783	2
593	4
593	17
593	19
593	150
942	169
942	18
942	170
942	19
946	51
946	49
946	157
946	2
950	4
950	5
964	41
964	42
964	171
964	172
943	21
943	2
856	24
856	2
953	3
953	21
953	1
953	2
306	72
306	73
306	2
965	169
965	18
965	19
850	23
850	24
850	2
862	4
862	5
971	64
971	4
542	66
542	173
133	0
133	151
133	29
133	2
947	0
947	2
37	3
37	21
37	2
1243	102
1243	2
552	11
552	2
36	21
36	2
870	21
870	2
650	10
650	8
650	11
650	9
650	2
1282	107
1282	2
948	88
948	174
948	49
948	2
886	4
886	5
886	38
886	2
1306	1
1306	2
246	4
246	62
246	11
246	2
604	24
604	2
691	30
691	0
691	2
25	21
25	2
524	13
524	2
693	83
693	31
693	99
618	11
618	2
570	83
570	163
479	64
479	4
255	13
255	2
400	83
400	31
400	99
983	2
983	21
983	3
397	131
397	8
397	9
210	30
210	2
1273	0
1273	21
1273	29
1273	2
189	13
189	89
189	29
189	2
362	87
362	6
362	1
362	2
345	1
345	2
994	8
994	11
994	9
994	2
236	63
236	15
236	100
236	4
236	31
236	2
497	175
497	2
273	24
273	2
742	30
742	1
742	2
979	24
979	2
803	8
803	39
803	9
256	36
256	176
256	177
256	37
19	66
19	58
19	12
19	138
759	83
759	178
759	163
759	31
20	66
20	138
20	179
980	106
980	24
980	2
21	12
21	70
1171	25
1171	1
1171	26
1171	2
307	72
307	73
307	2
260	8
260	11
260	9
260	2
820	4
820	5
820	180
820	115
915	4
915	5
1072	83
1072	181
1072	85
1089	101
1089	43
1089	12
1089	8
1089	10
1089	9
1089	2
1426	58
1426	12
1426	182
1426	19
1447	12
1447	93
10	131
10	10
10	8
10	9
10	81
1435	1
1435	2
1442	8
1442	131
1442	6
1442	9
1442	39
1442	2
22	10
22	8
22	9
1148	75
1148	2
1397	36
1397	176
1397	183
1397	37
1003	12
1003	98
1412	58
1412	12
1389	12
1389	19
1389	182
1389	100
1389	31
1389	93
1040	0
1040	13
1040	2
1041	12
1041	93
1041	9
1041	43
1004	12
1004	43
1004	8
1004	9
1004	11
1004	2
1104	13
1104	72
1104	2
1037	4
1037	5
1420	19
1420	4
1420	34
1420	122
1420	48
1420	91
1512	4
1512	52
1512	17
1512	48
1142	184
1142	185
1142	186
1142	187
1005	4
1005	61
1597	75
1597	2
1544	4
1544	5
1084	50
1084	8
1084	2
1084	9
1084	35
1006	11
1006	2
1007	89
1007	8
1007	13
1007	9
1007	2
1123	18
1123	19
1123	20
1124	102
1124	2
1105	77
1105	78
1008	8
1008	2
1008	13
1008	39
1008	9
1589	8
1589	188
1589	9
1589	81
1589	11
1589	2
1539	3
1539	21
1539	1
1539	2
1009	9
1009	0
1009	75
1009	8
1009	2
1547	8
1547	2
1547	13
1547	39
1547	9
1149	2
1149	21
1149	3
1180	131
1180	8
1180	9
1169	78
1169	120
1120	8
1120	11
1120	9
1120	2
1100	23
1100	72
1100	73
1100	2
1125	75
1125	2
1010	21
1010	2
1513	2
1513	11
1513	159
1513	9
1365	4
1365	17
1011	127
1011	110
1011	28
1011	19
1126	4
1126	34
1126	17
912	3
912	21
912	2
1514	66
1514	89
1514	149
1514	2
1143	49
1143	189
1143	88
1143	2
1520	53
1520	190
1520	33
1520	19
1487	89
1487	13
1487	2
1535	8
1535	43
1535	12
1535	156
1535	131
1535	9
1085	4
1085	5
1478	24
1478	2
1515	8
1515	4
1515	15
1515	10
1515	9
1515	11
1515	2
1554	75
1554	76
1554	2
11	1
11	2
1528	0
1528	29
1528	2
1479	9
1479	8
1479	13
1479	39
1479	2
1529	27
1529	28
1529	19
1507	2
1507	21
1507	3
1553	78
1553	120
24	8
24	191
24	9
12	75
12	2
1488	75
1488	2
1521	11
1521	2
13	131
13	8
13	75
13	9
13	2
1516	3
1516	11
1516	0
1516	2
14	8
14	30
14	101
14	10
14	9
14	2
464	6
464	13
464	2
1379	4
1379	5
1392	75
1392	2
1383	75
1383	2
1401	91
1401	19
1401	192
1127	12
1127	71
436	13
436	89
436	9
436	156
436	2
1443	13
1443	2
1155	83
1155	12
1155	193
1155	31
1155	99
318	83
318	135
1057	83
1057	181
1057	85
930	83
930	12
930	193
930	31
930	99
1144	12
1144	31
1144	100
1144	71
1256	194
1256	195
1256	31
328	35
328	79
328	2
1574	83
1574	12
1574	193
1574	31
1574	99
631	11
631	2
1326	2
1326	3
626	2
626	3
990	2
990	3
1073	83
1073	12
1073	193
1073	31
1073	99
1462	3
1462	21
1462	2
409	72
409	23
409	24
409	2
632	89
632	2
319	89
319	2
1215	4
1215	48
1215	94
193	30
193	2
1156	83
1156	163
1157	83
1157	12
1157	193
1157	31
1157	99
290	66
290	149
677	8
677	2
677	10
677	9
677	11
677	160
30	58
30	12
690	64
690	4
690	2
690	3
365	0
365	2
34	8
34	196
34	9
34	2
401	17
401	4
401	30
401	197
401	48
401	2
506	13
506	2
874	72
874	2
422	102
422	2
1582	3
1582	21
1582	1
1582	2
1427	38
1427	75
1427	2
1385	7
1385	23
1385	24
1385	2
991	83
991	12
991	193
991	31
991	99
659	102
659	2
1195	8
1195	13
1195	80
1195	9
1195	81
1195	2
316	8
316	13
316	9
316	2
637	198
637	2
484	199
484	35
484	200
484	2
157	13
157	2
553	74
553	2
527	75
527	76
527	2
664	4
664	124
664	23
664	2
879	2
879	3
1352	13
1352	2
554	0
554	2
534	8
534	13
534	9
534	2
83	9
83	8
83	1
83	2
1012	8
1012	13
1012	9
1012	81
1012	2
1530	3
1530	21
1530	2
1013	108
1013	19
1013	201
15	169
15	18
15	19
1014	13
1014	2
627	12
627	202
627	193
627	31
627	83
627	99
1058	12
1058	202
1058	193
1058	31
1058	83
1058	99
641	12
641	202
641	193
641	31
641	83
641	99
1059	12
1059	93
812	12
812	202
812	193
812	31
812	83
812	99
790	83
790	31
790	99
992	83
992	12
992	193
992	31
992	99
41	0
41	89
41	133
41	2
1158	12
1158	202
1158	193
1158	31
1158	83
1158	99
320	12
320	202
320	193
320	31
320	83
320	99
644	89
644	11
644	2
474	31
474	0
474	100
474	133
474	2
1540	8
1540	13
1540	9
1540	2
624	73
624	2
917	8
917	4
917	15
917	10
917	9
917	11
917	2
907	11
907	151
907	2
1458	151
1458	2
920	12
920	93
652	13
652	2
1322	43
1322	12
1322	9
1322	156
633	83
633	31
633	99
911	132
911	133
911	2
1455	81
1455	8
1455	9
1455	156
909	31
909	100
909	9
42	30
42	72
42	2
1459	12
1459	151
1459	193
1459	31
1459	83
1459	2
1459	99
1323	81
1323	203
1323	8
1323	9
1323	156
1327	4
1327	62
1327	13
1327	2
1324	9
1324	156
102	204
102	58
102	12
102	67
651	58
651	12
651	182
651	19
914	64
914	4
914	0
914	38
914	2
1456	72
1456	73
1456	2
1015	66
1015	205
39	13
39	2
1587	66
1587	206
1587	207
1587	136
1074	8
1074	9
196	8
196	49
196	9
196	81
196	11
196	2
1075	8
1075	13
1075	9
1075	2
1480	72
1480	2
634	66
634	149
634	12
634	14
634	93
932	4
932	62
932	48
932	64
932	94
321	66
321	208
616	8
616	89
616	9
616	2
1460	151
1460	2
1328	8
1328	9
1328	81
1489	8
1489	38
1489	9
1489	2
475	6
475	7
475	2
714	4
714	5
958	89
958	2
720	4
720	209
720	5
720	19
1317	166
1317	105
1317	2
1409	9
1409	51
1409	11
1409	8
1409	2
314	38
314	13
314	29
314	2
807	8
807	9
807	156
1038	88
1038	51
1038	11
1038	49
1038	2
1319	75
1319	2
43	9
43	0
43	3
43	8
43	2
1159	66
1159	179
38	0
38	11
38	2
685	6
685	7
685	2
1047	12
1047	98
311	0
311	13
311	2
1572	6
1572	2
851	210
851	2
58	11
58	2
363	32
363	31
363	40
363	2
1575	8
1575	12
1575	9
1575	43
744	8
744	73
744	23
744	9
744	81
744	2
322	13
322	11
322	38
322	2
1593	11
1593	2
1117	127
1117	27
1117	28
1117	19
1117	211
1366	40
1366	2
1588	66
1588	207
1588	136
406	9
406	8
406	39
406	40
406	2
1046	3
1046	21
1046	2
1370	18
1370	19
1370	20
333	75
333	2
103	66
103	12
103	137
103	136
525	8
525	43
525	12
525	156
525	9
525	81
1314	4
1314	61
1468	30
1468	151
1468	2
605	4
605	17
1347	8
1347	39
1347	9
1394	28
1394	19
1394	110
1394	47
1394	112
1394	212
330	12
330	71
330	100
330	31
93	8
93	39
93	9
233	13
233	2
1440	66
1440	100
1440	136
1440	31
503	8
503	12
503	9
503	43
437	40
437	2
261	79
261	11
261	2
355	213
355	13
355	2
1453	9
1453	156
1453	31
1016	0
1016	11
1016	49
1016	2
60	11
60	2
80	89
80	2
1276	24
1276	2
1316	75
1316	2
806	9
806	30
806	8
806	2
846	106
846	2
785	102
785	2
52	51
52	74
52	2
329	102
329	24
329	2
1571	75
1571	2
1375	64
1375	4
1375	38
1375	2
4	33
4	19
1060	13
1060	11
1060	151
1060	2
1061	193
1061	12
1061	13
1061	151
1061	2
628	2
628	3
1216	77
1216	78
796	43
796	8
796	12
796	9
796	156
27	12
27	71
1062	139
1062	19
1498	10
1498	8
1498	9
1498	1
1498	2
927	21
927	2
954	64
954	4
954	62
1559	66
1559	149
535	107
535	2
1374	102
1374	51
1374	2
629	8
629	9
629	81
1093	108
1093	19
1441	13
1441	2
625	8
625	11
625	9
625	2
1288	214
1288	24
1288	2
51	160
51	2
1042	4
1042	215
1042	21
1042	1
1042	2
516	6
516	13
516	86
516	2
95	51
95	13
95	40
95	2
164	4
164	62
164	13
164	2
1536	10
1536	8
1536	9
1536	101
1536	2
1432	83
1432	31
1432	99
1265	199
1265	79
1265	200
1265	2
1094	216
1094	141
1094	142
1094	78
601	8
601	13
601	43
601	12
601	9
601	2
1496	4
1496	50
1496	8
1496	9
1496	34
1196	2
1196	3
916	129
916	30
916	130
916	2
622	83
622	12
622	193
622	31
622	99
1274	196
1274	2
683	127
683	28
683	19
683	217
5	8
5	131
5	6
5	9
5	39
5	2
1184	102
1184	2
1399	0
1399	13
1399	2
987	144
987	19
987	47
40	11
40	2
390	8
390	13
390	9
390	2
1076	66
1076	8
1076	208
1076	81
1076	9
957	79
957	2
1596	83
1596	84
1596	85
6	4
6	17
1522	4
1522	17
1499	19
1499	218
1118	83
1118	85
1118	219
1584	9
1584	8
1584	13
1584	39
1584	2
1043	4
1043	220
1538	75
1538	2
1414	19
1414	218
1095	64
1095	4
1095	1
1095	2
450	89
450	2
1063	83
1063	181
1063	85
1415	64
1415	4
1415	38
1415	94
1415	48
1415	2
16	213
16	21
16	2
1380	78
1380	120
1500	7
1500	2
1071	1
1071	2
1077	193
1077	8
1077	12
1077	9
1204	77
1204	141
1204	78
1576	108
1576	19
805	30
805	89
805	2
1457	8
1457	133
1457	9
1457	81
1457	11
1457	2
910	10
910	8
910	9
910	101
910	2
1567	7
1567	24
1567	2
1078	83
1078	31
1078	99
763	88
763	174
763	49
763	2
1128	108
1128	19
1190	105
1190	2
745	83
745	12
745	193
745	31
745	99
1461	30
1461	13
1461	143
1461	2
635	102
635	2
1598	78
1598	100
1598	31
1598	83
1598	141
1598	99
1160	4
1160	62
1160	48
1160	94
209	9
209	8
209	1
209	2
694	13
694	2
262	8
262	13
262	80
262	9
262	2
1304	87
1304	49
1304	2
501	35
501	221
501	130
501	2
1283	102
1283	79
1283	2
308	51
308	222
308	157
308	2
438	13
438	21
438	26
438	2
1271	0
1271	49
1271	2
1096	38
1096	11
1096	29
1096	2
869	92
869	72
869	73
869	2
147	146
147	13
147	133
147	2
338	0
338	29
338	2
1017	4
1017	62
77	2
77	21
77	3
859	75
859	2
410	13
410	2
1395	12
1395	98
999	25
999	1
999	26
999	2
1321	50
1321	8
1321	11
1321	9
1321	2
670	8
670	13
670	9
670	2
686	4
686	62
743	127
743	28
743	19
743	126
7	169
7	18
7	223
7	19
7	140
865	28
865	19
865	217
721	30
721	2
775	11
775	2
1404	10
1404	8
1404	9
1404	101
1404	2
695	4
695	5
8	12
8	43
8	8
8	131
8	9
8	11
8	2
921	151
921	2
1079	6
1079	7
1079	2
1264	4
1264	1
1264	115
1264	107
1264	2
938	59
938	60
938	224
1548	10
1548	8
1548	13
1548	9
1548	2
619	2
619	3
416	4
416	5
212	3
212	21
212	2
863	72
863	73
863	2
1101	8
1101	4
1101	12
1101	100
1101	50
1101	225
1101	31
1101	9
1454	81
1454	8
1454	9
1454	156
928	8
928	89
928	13
928	9
928	2
403	8
403	9
403	81
1238	66
1238	136
352	64
352	4
352	22
352	157
352	2
821	66
821	226
821	207
821	227
594	108
594	19
1205	30
1205	13
1205	2
502	2
502	3
1278	1
1278	2
620	8
620	30
620	50
620	9
620	89
620	2
701	107
701	2
430	0
430	38
430	51
430	2
804	83
804	135
1490	30
1490	2
1176	108
1176	19
44	12
44	93
609	5
609	4
609	8
609	88
609	9
609	228
609	2
214	59
214	60
418	66
418	173
1337	12
1337	202
1337	193
1337	31
1337	83
1337	99
1284	81
1284	8
1284	9
1284	156
109	21
109	22
109	2
630	133
630	2
178	129
178	130
178	2
170	58
170	12
468	4
468	13
468	15
468	2
1466	92
1466	2
1508	4
1508	52
1508	17
1508	48
715	8
715	9
715	81
1018	89
1018	2
773	141
773	229
773	142
773	78
671	19
671	230
671	78
969	12
969	98
735	4
735	5
735	1
735	2
201	131
201	8
201	9
201	156
995	29
995	2
1342	134
1342	2
421	2
421	3
872	8
872	231
872	9
1019	75
1019	76
1019	2
1206	78
1206	116
1206	77
1206	119
1206	66
1206	141
414	2
414	21
414	3
339	4
339	34
339	15
1476	83
1476	31
1476	99
26	12
26	13
26	43
26	8
26	9
26	2
1049	3
1049	21
1049	2
1590	8
1590	89
1590	9
1590	2
1552	75
1552	2
471	4
471	61
471	5
1517	23
1517	72
1517	73
1517	2
621	4
621	34
617	8
617	50
617	9
617	3
617	89
617	2
110	222
110	2
53	2
53	21
53	3
1398	0
1398	13
1398	29
1398	2
1229	110
1229	28
1229	19
730	102
730	2
1591	9
1591	23
1591	72
1591	159
1591	2
217	12
217	98
1087	8
1087	72
1087	9
1087	2
1132	131
1132	8
1132	9
1132	39
1353	4
1353	62
1353	132
1353	2
749	4
749	5
1291	4
1291	220
1291	19
1291	150
1568	12
1568	202
1568	193
1568	31
1568	83
1568	99
566	23
566	161
566	2
1197	8
1197	89
1197	9
1197	81
1197	2
1400	8
1400	49
1400	50
1400	9
1400	2
1400	21
1329	8
1329	23
1329	9
1329	2
218	12
218	98
1211	4
1211	5
280	108
280	19
1139	12
1139	98
1154	83
1154	31
1154	99
240	24
240	2
323	66
323	208
922	132
922	2
1172	5
1172	4
1172	8
1172	88
1172	9
1172	228
1172	2
1161	4
1161	48
1161	94
331	11
331	2
747	11
747	75
747	2
215	224
1020	127
1020	27
1020	28
1020	19
1020	211
1064	4
1064	27
1064	17
1064	28
1064	19
1051	232
1051	42
1051	233
1051	234
439	0
439	2
1292	21
1292	2
875	131
875	8
875	9
251	58
251	12
251	182
251	19
1491	11
1491	1
1491	2
1129	23
1129	72
1129	73
1129	2
541	75
541	2
1138	30
1138	11
1138	2
929	4
929	5
955	19
955	218
1112	77
1112	78
700	11
700	2
1080	12
1080	202
1080	193
1080	31
1080	83
1080	99
1569	8
1569	9
1230	12
1230	98
1410	121
1410	19
666	64
666	4
666	38
666	2
298	4
298	5
845	2
845	3
705	12
705	98
1481	8
1481	11
1481	2
1481	39
1481	9
1270	4
1270	5
1270	51
1270	2
1000	3
1000	21
1000	2
114	11
114	2
567	13
567	2
299	4
299	48
299	235
1531	10
1531	101
1531	9
1531	8
1531	2
569	92
569	72
569	73
569	2
399	8
399	39
399	9
576	127
576	27
576	28
576	19
576	211
1471	151
1471	24
1471	2
119	21
119	2
894	66
894	236
894	136
248	105
248	2
1275	4
1275	5
1482	9
1482	30
1482	89
1482	8
1482	2
550	4
550	5
285	66
285	136
1189	7
1189	75
1189	2
1325	9
1325	156
281	21
281	2
1343	4
1343	61
1343	237
1343	62
1341	87
1341	49
1341	88
1341	2
300	131
300	238
300	8
300	9
300	2
1244	10
1244	4
1244	8
1244	15
1244	9
1240	4
1240	5
1307	107
1307	1
1307	2
301	4
301	17
1239	66
1239	136
1185	7
1185	1
1185	2
1248	66
1248	136
1248	224
974	88
974	2
1330	8
1330	0
1330	9
1330	81
1330	3
1330	2
734	21
734	86
734	40
734	2
49	2
49	3
499	8
499	13
499	231
499	9
499	2
1356	30
1356	89
1356	2
429	21
429	26
429	2
1054	83
1054	31
1054	99
559	107
559	11
559	1
559	2
1371	64
1371	4
1371	0
1371	1
1371	2
351	29
351	2
1065	12
1065	93
653	10
653	8
653	9
696	50
696	8
696	11
696	9
696	2
716	8
716	9
716	40
716	2
649	131
649	8
649	9
722	1
722	2
956	24
956	2
127	4
127	62
127	61
1312	29
1312	2
317	8
317	80
317	9
317	81
1021	8
1021	130
1021	75
1021	9
1021	2
431	21
431	2
88	13
88	2
361	0
361	2
74	49
74	2
595	10
595	8
595	9
1359	107
1359	2
507	4
507	62
507	5
968	7
968	75
968	2
139	102
139	2
1183	0
1183	13
1183	2
977	144
977	19
977	46
977	47
59	0
59	29
59	2
600	89
600	72
600	73
600	2
896	6
896	13
896	2
1179	21
1179	2
366	58
366	12
366	60
366	59
1545	8
1545	11
1545	9
1545	2
1336	4
1336	62
1336	13
1336	2
89	0
89	2
754	38
754	2
1333	0
1333	13
1333	11
1333	2
935	4
935	238
935	48
935	82
935	2
1022	8
1022	12
1022	9
1022	43
1492	1
1492	2
234	10
234	8
234	9
234	156
818	11
818	2
1493	8
1493	13
1493	80
1493	9
1493	39
1493	2
672	4
672	52
672	17
672	48
324	0
324	13
324	2
1023	239
1023	11
1023	240
1023	73
1023	2
96	4
96	48
149	4
149	30
149	72
149	197
149	48
149	2
899	239
899	2
1348	4
1348	48
1348	97
291	11
291	2
898	105
898	2
1391	4
1391	62
1391	61
750	87
750	2
774	239
774	11
774	2
702	4
702	62
702	5
517	4
517	34
517	11
517	2
1376	12
1376	241
187	8
187	10
187	9
187	11
187	86
187	2
830	11
830	2
45	19
45	230
45	78
989	25
989	1
989	26
989	2
1340	8
1340	9
761	12
761	202
761	193
761	31
761	83
761	99
1207	78
1207	202
1207	31
1207	83
1207	141
1207	99
1310	12
1310	93
1310	60
1310	59
325	22
325	23
325	24
325	2
697	10
697	8
697	9
697	101
697	2
1594	8
1594	0
1594	50
1594	9
1594	3
1594	2
1177	83
1177	181
1177	85
795	8
795	9
795	81
998	51
998	1
998	2
292	63
292	10
292	8
292	9
292	2
522	87
522	2
1564	2
1564	3
490	23
490	24
490	2
1110	66
1110	242
1110	119
792	2
792	88
792	243
885	64
885	4
1024	4
1024	5
1217	108
1217	19
1523	8
1523	13
1523	10
1523	9
1523	39
1523	2
1145	202
1145	83
787	1
787	2
1451	3
1451	21
1451	1
1451	2
967	13
967	89
967	2
1293	21
1293	2
760	151
760	2
689	4
689	5
1106	6
1106	75
1106	2
1413	102
1413	2
713	3
713	21
713	2
283	3
283	21
283	2
35	40
35	2
1214	4
1214	5
665	72
665	151
665	73
665	2
574	75
574	76
574	2
73	244
73	22
73	133
73	2
676	106
676	2
46	12
46	93
55	79
55	72
55	130
55	2
1603	83
1603	31
1603	99
1235	4
1235	5
1025	4
1025	61
1532	4
1532	147
1532	5
688	11
688	75
688	2
63	74
63	2
488	8
488	11
488	2
488	39
488	9
192	2
192	3
1224	78
1224	120
68	102
68	2
1044	4
1044	5
706	75
706	2
356	8
356	75
356	9
356	156
356	2
1130	146
1130	0
1130	198
1130	2
81	75
81	2
771	2
771	3
235	12
235	193
223	8
223	12
223	9
223	43
183	102
183	2
762	8
762	11
762	9
762	2
1424	232
1424	42
1424	233
1424	245
667	23
667	72
667	2
727	50
727	8
727	9
1055	7
1055	75
1055	2
136	164
136	2
315	8
315	39
315	9
224	12
224	9
224	43
33	4
33	147
33	5
939	89
939	2
1345	10
1345	8
1345	21
1345	9
1345	2
286	8
286	11
286	9
286	2
1595	30
1595	196
1595	188
1595	2
1036	51
1036	11
1036	49
1036	2
1150	106
1150	2
661	123
661	121
661	91
661	19
661	31
511	4
511	5
1390	89
1390	11
1390	2
104	58
104	12
104	182
104	19
854	164
854	2
326	8
326	75
326	43
326	12
326	9
326	2
1151	102
1151	2
1050	77
1050	246
1050	247
1050	248
1050	78
129	11
129	2
132	75
132	2
768	4
768	5
518	78
518	120
1026	164
1026	11
1026	2
868	9
868	8
868	21
868	39
868	2
1027	50
1027	8
1027	11
1027	9
1027	2
529	66
529	226
529	227
893	12
893	14
1350	214
1350	73
1350	2
1212	19
1212	230
1212	78
536	4
536	42
536	220
536	234
981	4
981	5
461	50
461	8
461	11
461	9
461	2
904	9
904	6
904	8
904	39
904	2
360	75
360	2
57	249
57	2
1113	4
1113	48
1113	1
1113	2
1028	4
1028	48
753	0
753	2
753	3
1236	8
1236	231
1236	9
561	75
561	2
711	53
711	250
711	19
711	251
711	252
603	12
603	93
78	13
78	2
975	142
975	78
579	2
579	3
1220	4
1220	5
680	12
680	93
293	131
293	8
293	13
293	9
293	2
72	11
72	2
741	4
741	61
1252	21
1252	2
107	74
107	2
606	7
606	2
376	0
376	11
376	2
417	13
417	2
173	8
173	2
173	9
173	86
725	2
725	3
558	30
558	2
70	0
70	2
1269	83
1269	85
1269	219
710	42
710	253
354	0
354	29
354	2
65	3
65	21
65	2
50	89
50	73
50	24
50	2
263	4
263	48
263	235
1222	12
1222	93
302	64
302	4
900	40
900	2
166	13
166	11
166	2
237	8
237	74
237	9
237	2
708	12
708	93
984	4
984	147
984	5
765	11
765	198
765	1
765	26
765	2
533	9
533	8
533	76
533	2
82	75
82	2
1299	21
1299	2
424	11
424	2
1501	51
1501	11
1501	49
1501	2
1181	204
1181	67
47	0
47	11
47	2
1308	4
1308	5
1308	132
1308	2
1045	229
1045	78
1448	12
1448	19
1448	43
1448	182
1448	58
1448	9
1555	4
1555	5
90	21
90	1
90	2
1066	13
1066	2
1218	83
1218	12
1218	193
1218	31
1218	99
905	2
905	21
905	3
1208	75
1208	157
1208	2
931	8
931	4
931	34
931	9
931	164
931	2
309	107
309	2
407	4
407	5
1503	0
1503	8
1503	11
1503	9
1503	2
1039	3
1039	21
1039	2
1402	4
1402	61
1386	4
1386	0
1386	13
1386	2
752	4
752	5
264	10
264	8
264	11
264	9
264	2
923	151
923	2
1467	21
1467	2
1367	4
1367	62
1367	5
1146	4
1146	5
252	21
252	2
562	4
562	124
562	168
1209	78
1209	116
1209	77
1209	119
1209	66
1209	141
764	4
764	5
764	1
764	2
1497	12
1497	202
1497	193
1497	31
1497	83
1497	99
1469	151
1469	2
809	2
809	3
732	11
732	2
924	5
924	4
924	8
924	10
924	1
924	9
924	2
1029	22
1029	11
1029	157
1029	2
831	83
831	31
831	99
1537	66
1537	179
577	224
1331	9
1331	156
623	13
623	2
738	11
738	2
588	108
588	19
719	77
719	127
719	28
719	19
719	78
712	8
712	9
394	8
394	2
394	10
394	9
394	11
394	160
1257	50
1257	8
1257	12
1257	9
1257	145
1188	4
1188	82
1188	48
369	4
369	34
1263	88
1263	2
340	64
340	4
340	133
340	2
1097	64
1097	4
1097	0
1097	11
1097	2
353	4
353	5
822	11
822	2
736	4
736	87
736	254
736	49
736	2
568	87
568	2
654	11
654	2
182	11
182	2
265	11
265	2
1098	8
1098	39
1098	9
1541	21
1541	151
1541	2
699	4
699	5
1332	105
1332	2
1600	0
1600	13
1600	29
1600	2
266	64
266	4
266	62
1361	66
1361	116
1361	119
729	11
729	2
867	4
867	48
867	97
580	23
580	2
219	12
219	43
219	100
219	71
219	9
219	31
908	102
908	2
1573	4
1573	61
645	0
645	13
645	2
143	13
143	2
440	8
440	2
440	13
440	39
440	9
1081	42
1081	253
638	10
638	8
638	9
638	39
906	2
906	21
906	3
327	8
327	13
327	9
327	2
1266	4
1266	61
391	6
391	13
391	2
383	4
383	5
1524	8
1524	75
1524	9
1524	2
799	3
799	49
799	2
519	4
519	61
508	4
508	255
959	105
959	2
540	58
540	12
420	133
420	2
707	106
707	2
961	66
961	116
961	118
961	119
1067	4
1067	5
1405	11
1405	2
1286	4
1286	48
1286	235
387	4
387	256
1289	83
1289	31
1289	99
1267	92
1267	2
1267	159
1267	9
639	0
639	89
639	13
639	2
1483	9
1483	8
1483	75
1483	76
1483	2
84	21
84	2
220	21
220	2
1107	12
1107	98
1377	4
1377	62
1377	64
1174	0
1174	2
739	8
739	156
739	9
739	81
1417	12
1417	98
520	7
520	75
520	2
793	6
793	13
793	2
1242	4
1242	105
1242	256
1242	2
718	30
718	72
718	2
1334	6
1334	11
1334	2
1465	151
1465	2
1198	35
1198	200
1198	2
1199	75
1199	24
1199	2
349	21
349	2
1562	8
1562	21
1562	9
1562	2
746	21
746	2
153	11
153	38
153	2
849	50
849	8
849	11
849	9
849	2
1030	11
1030	1
1030	2
1223	176
1223	37
1570	6
1570	7
1570	2
99	6
99	8
99	21
99	9
99	2
1031	164
1031	11
1031	26
1031	2
61	12
61	100
61	9
61	43
61	31
1200	200
1200	2
85	6
85	11
85	2
1382	8
1382	50
1382	9
1382	2
1382	39
1382	21
221	160
221	2
67	2
67	3
733	8
733	9
733	81
1436	12
1436	98
1436	8
1436	81
1436	9
829	4
829	5
526	4
526	62
526	0
526	61
526	2
1131	11
1131	2
86	4
86	62
86	5
758	243
758	49
758	2
151	4
151	12
151	225
1463	0
1463	8
1463	11
1463	9
1463	2
1504	11
1504	2
1162	10
1162	101
1162	9
1162	8
1162	2
310	143
310	2
1549	1
1549	8
1549	21
1549	9
1549	2
267	66
267	136
1311	12
1311	93
346	0
346	8
346	11
346	9
346	2
456	87
456	49
456	157
456	2
227	75
227	2
1210	4
1210	257
1210	0
1210	38
1210	2
794	8
794	12
794	14
794	9
190	8
190	13
190	10
190	9
190	39
190	2
274	1
274	2
1152	174
1152	8
1152	49
1152	88
1152	9
1152	228
1152	2
364	107
364	32
364	31
364	2
598	66
598	258
598	136
1099	6
1099	13
1099	2
140	4
140	215
140	21
140	2
884	167
884	24
884	2
1201	78
1201	120
1602	40
1602	2
476	259
476	130
476	2
657	87
657	49
657	29
657	2
1357	13
1357	2
996	8
996	12
996	9
996	43
444	8
444	39
444	9
444	11
444	86
444	2
1373	6
1373	2
124	11
124	40
124	2
179	89
179	11
179	2
698	83
698	85
228	4
228	61
1494	8
1494	11
1494	2
1494	39
1494	9
100	8
100	11
100	9
100	2
1290	13
1290	2
692	12
692	241
211	102
211	2
861	2
861	3
203	164
203	3
203	2
828	37
828	183
1495	75
1495	2
483	0
483	29
483	2
253	23
253	2
1032	87
1032	49
1032	198
1032	2
1225	12
1225	71
731	4
731	5
460	87
460	49
460	88
460	2
704	35
704	51
704	130
704	2
205	2
205	3
122	11
122	2
1109	7
1109	75
1109	2
1349	130
1349	2
557	27
557	28
557	19
1173	4
1173	61
883	4
883	5
883	38
883	2
152	146
152	2
723	12
723	93
1302	131
1302	8
1302	9
79	57
79	30
79	49
79	2
402	8
402	39
402	9
703	11
703	2
1388	110
1388	28
1388	19
1388	112
1464	30
1464	2
709	4
709	5
934	243
934	21
934	2
87	38
87	11
87	2
71	75
71	76
71	2
1518	75
1518	76
1518	2
913	134
913	24
913	2
275	75
275	2
521	8
521	13
521	9
521	2
827	260
827	157
827	2
238	64
238	4
549	4
549	147
239	0
239	3
239	133
239	2
1396	13
1396	2
848	89
848	30
848	2
848	3
92	4
92	34
92	17
243	4
243	61
312	89
312	30
312	2
312	261
105	75
105	2
94	11
94	2
610	4
610	115
610	257
610	5
241	21
241	2
780	19
1557	4
1557	15
1557	11
1557	2
459	13
459	2
194	0
194	13
194	2
97	102
97	2
1052	0
1052	75
1052	2
583	4
583	262
583	23
583	263
583	2
1082	4
1082	5
411	12
411	9
411	145
411	164
411	11
411	2
313	164
313	2
1056	64
1056	4
106	196
106	75
106	2
448	4
448	6
448	7
448	61
448	2
1111	75
1111	2
469	4
469	61
469	13
469	2
1525	11
1525	2
582	3
582	148
582	23
582	2
158	11
158	49
158	2
229	50
229	8
229	38
229	9
229	2
1351	3
1351	148
1351	23
1351	2
1114	64
1114	4
1114	0
1114	107
1114	2
108	11
108	2
486	73
486	2
276	6
276	21
276	1
276	2
1193	1
1193	2
112	102
112	2
1163	4
1163	264
1163	5
1163	9
120	198
120	157
120	40
120	2
111	8
111	9
111	40
111	2
1068	58
1068	12
1121	4
1121	215
500	105
500	2
1001	11
1001	151
1001	40
1001	2
398	29
398	2
451	51
451	11
451	49
451	2
748	87
748	2
1565	89
1565	2
118	4
118	61
116	50
116	8
116	2
116	9
116	3
1090	4
1090	5
185	8
185	11
185	80
185	9
185	2
462	13
462	40
462	2
547	49
547	51
547	88
547	2
137	6
137	8
137	21
137	9
137	2
374	265
374	266
374	12
374	267
374	31
374	67
294	6
294	11
294	2
1408	0
1408	8
1408	89
1408	9
1408	2
491	50
491	8
491	2
491	9
491	3
1533	75
1533	2
370	4
370	34
370	163
370	268
370	83
902	3
902	21
902	22
902	2
123	72
123	73
123	24
123	2
1534	63
1534	10
1534	8
1534	9
1534	2
960	4
960	62
960	64
48	11
48	2
810	4
810	5
141	0
141	11
141	2
1407	12
1407	241
1108	11
1108	2
767	2
767	3
125	75
125	2
1164	4
1164	5
358	4
358	61
860	102
860	2
778	72
778	73
778	2
128	11
128	2
1406	11
1406	2
126	8
126	2
126	13
126	39
126	9
287	4
287	61
1300	110
1300	28
1300	19
769	4
769	17
769	38
769	2
1577	12
1577	93
636	4
636	61
485	50
485	8
485	2
485	9
485	3
1178	0
1178	11
1178	2
592	0
592	29
592	2
404	8
404	79
404	9
404	81
404	269
404	2
279	8
279	30
279	72
279	80
279	9
279	2
656	8
656	50
656	35
656	1
656	2
656	9
154	50
154	8
154	9
453	75
453	2
1033	107
1033	2
1186	25
1186	1
1186	26
1186	2
970	103
970	28
970	19
970	270
970	128
392	4
392	34
392	15
1034	66
1034	242
1034	119
1086	38
1086	75
1086	2
817	11
817	2
1234	4
1234	115
1234	5
1083	12
1083	193
1083	93
538	23
538	2
268	30
268	151
268	2
130	8
130	13
130	10
130	6
130	9
130	2
1102	13
1102	11
1102	1
1102	2
777	73
777	2
1542	271
1542	8
1542	13
1542	9
1542	2
1221	12
198	92
198	23
198	102
198	2
379	21
379	2
1119	4
1119	62
1119	3
1119	21
1119	2
473	102
473	2
1202	102
1202	2
372	4
372	256
371	4
371	256
134	75
134	2
1550	6
1550	8
1550	9
1550	2
135	6
135	164
135	2
1294	4
1294	61
1294	3
1294	21
1294	2
1421	164
1421	148
1421	1
1421	2
1449	25
1449	75
1449	2
1213	66
1213	272
1213	116
1213	118
1213	119
573	4
573	17
797	75
797	2
494	8
494	80
494	9
146	13
146	1
146	2
1403	13
1403	2
254	0
254	11
254	13
254	2
776	8
776	11
776	9
776	2
781	240
781	73
781	2
1115	4
1115	61
1115	5
1115	257
277	107
277	2
925	10
925	8
925	9
1091	106
1091	2
303	8
303	11
303	9
303	2
926	6
926	2
858	51
858	106
858	2
195	102
195	30
195	157
195	2
441	0
441	2
512	51
512	74
512	2
489	0
489	29
489	2
1070	4
1070	257
1070	0
1070	11
1070	2
1422	4
1422	1
1422	256
1422	2
269	4
269	62
269	273
269	48
144	75
144	196
144	2
1035	13
1035	2
1419	4
1419	42
1419	220
1419	234
1135	70
1135	12
1135	71
278	8
278	2
278	9
278	81
278	3
1601	87
1601	49
1601	2
181	274
181	2
442	6
442	8
442	9
442	40
442	2
784	12
784	93
784	9
784	16
148	1
148	2
887	4
887	168
887	134
887	24
887	2
1250	8
1250	11
1250	9
1250	81
1250	2
1219	83
1219	12
1219	193
1219	31
1219	99
1165	4
1165	5
408	83
408	12
408	193
408	31
408	99
1166	12
1166	9
1166	43
832	4
832	5
288	24
288	2
1069	4
1069	5
1411	1
1411	2
156	6
156	38
156	26
156	2
791	2
791	3
445	6
445	11
445	1
445	2
788	4
788	124
788	5
788	51
788	2
477	11
477	2
789	8
789	11
789	80
789	9
789	2
825	221
825	2
1103	2
1103	3
425	102
425	38
425	2
1551	164
1551	22
1551	0
1551	2
388	8
388	13
388	10
388	9
388	39
388	2
1136	1
1136	2
1430	31
1430	100
823	64
823	4
823	0
823	107
823	2
1475	72
1475	29
1475	24
1475	2
808	89
808	2
808	261
1418	11
1418	38
1418	2
528	4
528	17
1203	10
1203	8
1203	2
1203	9
1203	164
1187	4
1187	62
1167	12
1167	93
1362	10
1362	8
1362	9
1362	39
386	8
386	9
1439	31
1439	275
289	59
289	60
289	224
640	75
640	76
640	2
443	1
443	8
443	21
443	9
443	2
478	0
478	38
478	133
478	2
918	12
918	38
918	14
918	2
304	75
304	2
880	88
880	2
584	4
584	5
816	4
816	5
155	4
155	17
543	9
543	8
543	29
543	2
802	8
802	11
802	80
802	9
802	2
373	4
373	15
801	164
801	11
801	2
1137	4
1137	48
1137	273
1137	94
840	12
840	98
509	35
509	2
472	26
472	2
513	4
513	34
513	2
513	21
513	3
197	0
197	29
197	2
1445	11
1445	2
1444	4
1444	6
1444	15
1444	11
1444	2
853	64
853	4
853	276
853	48
853	133
853	2
1237	4
1237	64
1237	5
1431	8
1431	50
1431	80
1431	9
1431	11
1431	2
375	4
375	48
375	277
375	94
565	243
565	88
565	21
565	2
380	4
380	15
295	12
161	49
161	2
813	2
813	3
841	4
841	5
169	2
169	21
169	3
492	164
492	2
564	8
564	11
564	2
564	39
564	9
487	11
487	2
305	64
305	4
305	278
305	2
824	107
824	11
824	1
824	2
642	13
642	2
160	75
160	2
891	8
891	11
891	9
891	81
891	2
1251	4
1251	0
1251	5
1251	133
1251	2
381	4
381	34
381	8
381	80
381	9
159	3
159	21
159	2
1182	8
1182	11
1182	9
1182	40
1182	2
1546	11
1546	2
889	279
889	280
889	281
889	2
449	4
449	147
449	5
837	13
837	2
1450	164
1450	11
1450	22
1450	2
1133	133
1133	2
1578	8
1578	75
1578	9
1578	2
811	8
811	24
811	9
811	1
811	2
811	282
1434	188
1434	2
1429	75
1429	2
933	4
933	254
162	21
162	2
1140	11
1140	148
1140	2
1153	4
1153	62
1153	64
936	283
936	224
993	7
993	75
993	2
819	11
819	2
1433	50
1433	8
1433	9
455	4
455	6
455	0
455	61
455	2
836	22
836	38
836	157
836	2
446	30
446	278
446	198
446	2
1168	64
1168	4
1168	2
1168	215
1168	3
589	75
589	2
1556	4
1556	15
614	11
614	2
1226	131
1226	8
1226	13
1226	9
1226	2
495	8
495	80
495	9
1309	75
1309	2
1313	4
1313	256
864	72
864	23
864	2
457	101
457	8
457	10
457	80
457	9
457	2
940	30
940	89
940	2
855	2
855	49
855	243
174	3
174	21
174	2
857	6
857	2
1437	4
1437	11
1437	15
1437	2
384	4
384	15
895	72
895	73
895	2
658	66
658	284
888	102
888	2
378	4
378	15
1579	4
1579	48
1579	62
1579	273
1579	94
647	8
647	2
647	9
647	3
1249	4
1249	61
834	6
834	164
834	11
834	2
1438	283
1438	224
1363	23
1363	2
976	64
976	4
976	5
976	62
505	72
505	24
505	2
480	4
480	168
480	92
480	86
480	2
176	64
176	4
176	38
176	62
176	2
571	4
571	256
597	75
597	2
572	75
572	2
163	64
163	4
1605	8
1605	4
1605	49
1605	50
1605	257
1605	9
1605	2
587	13
587	1
587	2
833	4
833	257
167	6
167	2
168	6
168	11
168	26
168	2
385	4
385	256
1335	11
1335	198
1335	2
646	6
646	11
646	2
1580	6
1580	7
1580	2
897	8
897	13
897	6
897	80
897	9
897	2
177	8
177	11
177	80
177	9
177	2
493	10
493	4
493	8
493	15
493	9
171	3
171	21
171	13
171	2
643	11
643	2
463	4
463	147
184	40
184	2
838	4
838	257
1191	8
1191	9
465	50
465	8
465	2
465	9
465	3
510	4
510	34
510	8
510	80
510	9
413	8
413	9
413	156
1253	6
1253	8
1253	13
1253	9
1253	2
1358	133
1358	2
1277	30
1277	23
1277	24
1277	2
467	8
467	49
467	87
467	9
467	81
467	2
496	11
496	75
496	2
881	259
881	3
881	130
881	2
175	75
175	2
1425	6
1425	74
1425	26
1425	2
1558	4
1558	164
1558	15
1558	2
186	38
186	1
186	2
842	8
842	80
842	9
842	164
842	11
842	2
180	4
180	5
180	0
180	2
1303	164
1303	11
1303	2
1315	8
1315	13
1315	10
1315	9
1315	11
1315	2
882	6
882	2
612	283
612	224
