0	0	28
0	1	2
0	2	14
0	3	2
0	4	7
0	5	2
0	6	2
0	7	2
0	8	1
0	9	1
0	10	1
0	11	1
0	12	1
0	13	1
0	14	1
0	15	1
0	16	4
0	17	1
0	18	2
0	19	1
0	20	6
0	21	2
0	22	1
0	23	1
0	24	3
0	25	2
0	26	4
0	27	3
0	28	1
0	29	1
0	30	1
0	31	1
0	32	1
0	33	3
0	34	1
0	35	1
0	36	1
0	37	1
0	38	1
0	39	4
0	40	1
0	41	1
0	42	3
0	43	4
0	44	1
0	45	2
0	46	1
0	47	1
0	48	2
0	49	1
0	50	1
0	51	1
0	52	1
0	53	1
0	54	1
0	55	1
0	56	1
0	57	1
0	58	1
0	59	1
0	60	1
0	61	1
0	62	1
0	63	4
0	64	1
0	65	1
0	66	2
0	67	1
0	68	1
0	69	1
0	70	1
0	71	1
0	72	1
0	73	1
0	74	1
0	75	1
0	76	1
0	77	1
0	78	1
0	79	1
1	80	23
1	81	2
1	82	7
1	83	7
1	84	3
1	85	3
1	86	3
1	87	2
1	88	2
1	89	2
1	90	2
1	91	2
1	92	2
1	93	3
1	94	2
1	95	2
1	96	4
1	97	3
1	98	3
1	99	3
1	100	3
1	101	3
1	102	4
1	103	3
1	104	7
1	105	5
1	106	1
1	107	1
1	108	1
1	109	1
1	110	1
1	111	3
1	112	1
1	113	1
1	114	1
1	115	1
1	116	1
1	117	1
1	118	1
1	119	1
1	120	1
1	121	1
1	122	1
1	123	1
1	124	1
1	125	1
1	126	1
1	127	1
1	128	1
1	129	1
1	130	1
1	131	1
1	132	1
1	133	1
1	134	1
1	135	1
1	136	1
1	137	2
1	138	2
1	139	1
1	140	1
1	141	2
1	142	2
1	143	3
1	144	1
1	145	1
1	146	1
1	147	1
1	148	1
1	149	1
1	150	2
1	151	1
1	152	2
1	153	1
1	154	1
1	155	1
1	156	1
1	157	1
1	158	1
1	159	1
1	160	2
1	161	1
1	162	2
1	163	2
1	164	1
1	165	2
1	166	2
1	167	2
1	168	1
1	169	1
1	170	1
1	171	1
1	172	1
1	173	1
1	174	1
1	175	1
1	176	1
1	177	1
1	178	1
1	179	1
1	180	1
1	181	2
1	182	1
1	183	1
1	184	1
1	185	1
1	186	1
1	187	1
1	188	1
1	189	1
1	190	1
1	191	1
1	192	1
1	193	1
1	194	1
1	195	1
1	196	1
1	197	1
1	198	1
1	199	2
1	200	1
1	201	2
1	202	1
1	203	1
1	204	1
1	205	1
1	206	1
1	207	1
1	208	1
1	209	1
1	210	1
1	211	1
1	212	1
1	213	1
1	214	1
1	215	1
1	216	1
1	217	1
1	218	1
1	219	1
1	220	1
1	221	1
1	222	1
1	223	1
1	224	1
1	225	1
1	226	1
1	227	1
1	228	1
1	229	1
1	230	2
1	231	1
1	232	1
1	233	1
1	234	1
1	235	1
1	236	2
1	237	1
1	238	1
1	239	1
1	240	1
1	241	1
1	242	1
1	243	1
1	244	1
1	245	1
1	246	1
1	247	1
1	248	1
1	249	1
1	250	1
1	251	1
1	252	1
1	253	1
1	254	1
1	255	1
1	256	2
1	257	2
1	258	1
1	259	1
1	260	1
1	261	1
1	262	1
1	263	1
1	264	1
1	265	1
1	266	1
1	267	1
1	268	1
1	269	1
2	270	3
2	271	10
2	272	2
2	273	5
2	274	1
2	275	1
2	276	1
2	277	2
2	278	1
2	279	2
2	280	1
2	281	1
2	282	1
2	283	1
2	284	5
2	285	3
2	286	1
2	287	3
2	288	1
2	289	2
2	290	1
2	291	2
2	292	1
2	293	1
2	294	1
2	295	1
2	296	1
2	297	1
2	298	1
2	299	3
2	300	1
2	301	1
2	302	1
2	303	1
2	304	1
2	305	1
2	306	1
2	307	1
2	308	1
2	309	1
2	310	2
2	63	1
2	64	52
3	311	2
3	312	1
3	313	2
3	314	2
3	315	1
3	316	1
3	317	1
3	318	1
3	319	1
3	320	2
3	321	1
3	322	1
3	323	1
3	324	1
3	325	1
3	326	1
3	47	1
3	327	11
4	0	21
4	1	1
4	328	1
4	2	5
4	329	1
4	6	1
4	17	1
4	24	1
4	25	3
4	26	1
4	330	1
4	331	2
4	332	2
4	333	1
4	334	2
4	335	1
4	336	1
4	337	2
4	338	1
4	339	1
4	340	1
4	341	1
4	342	1
4	343	1
4	344	1
4	345	1
4	346	1
5	347	1
5	348	1
5	349	4
5	350	1
5	351	1
5	352	1
5	353	1
5	354	1
5	355	1
5	356	1
5	27	1
6	357	3
6	358	3
6	359	3
6	360	1
6	361	7
6	362	1
6	363	1
6	364	1
6	365	1
6	366	1
6	367	1
6	368	1
6	369	1
6	370	1
6	371	1
6	372	1
6	373	3
6	374	2
6	375	2
6	376	3
7	357	2
7	358	3
7	359	4
7	377	1
7	361	4
7	378	1
7	379	1
7	380	3
7	381	1
7	382	1
7	374	1
8	383	10
8	384	3
8	385	2
8	386	1
8	387	1
8	388	1
8	389	1
8	390	1
8	391	1
8	392	1
8	393	1
8	394	1
8	395	1
8	396	1
8	397	1
8	398	1
8	399	1
8	400	1
8	401	1
8	402	1
8	403	1
8	404	1
8	405	1
8	406	1
8	407	1
8	408	1
8	409	1
8	410	1
8	411	1
8	412	1
8	413	1
8	414	3
8	415	1
8	416	1
8	417	1
8	418	1
8	419	1
8	420	2
8	421	1
8	422	1
8	423	1
8	424	1
8	425	1
8	426	1
8	427	1
8	428	1
9	429	1
9	430	2
9	431	1
9	432	1
9	270	1
9	433	1
9	434	1
9	435	1
9	347	3
9	436	1
9	437	1
9	438	1
9	439	1
9	440	1
9	441	1
9	442	1
9	443	1
9	444	4
9	445	1
9	76	1
9	446	1
9	385	1
9	447	1
9	448	1
9	27	3
9	449	2
9	450	1
9	451	1
9	452	2
9	453	2
9	454	1
9	455	1
9	456	1
9	457	1
9	458	2
9	459	1
9	460	1
9	461	2
9	462	3
9	463	1
9	464	1
9	465	1
9	466	1
9	467	1
9	468	1
9	469	1
9	470	1
9	471	1
10	472	2
10	473	1
10	474	1
10	475	2
10	476	1
10	442	1
10	477	2
10	478	3
10	479	2
10	480	1
10	481	1
10	482	1
10	483	1
10	484	1
10	485	1
10	486	1
11	17	2
11	24	2
11	26	3
11	39	1
11	45	2
11	74	1
11	79	1
11	487	4
11	488	2
11	489	3
11	490	2
11	491	1
11	492	1
11	493	1
11	494	1
11	495	1
11	496	1
11	497	1
11	498	1
11	499	1
11	500	1
11	501	1
11	502	1
11	503	1
11	504	1
11	505	5
11	506	1
11	507	1
11	508	1
11	509	1
11	510	5
11	511	1
11	512	1
11	513	1
11	514	1
11	515	1
11	516	1
11	517	1
11	518	1
11	519	1
11	520	1
11	521	1
11	522	1
11	523	1
11	524	1
11	525	1
11	526	1
11	527	1
11	528	1
11	529	1
11	530	1
11	531	1
11	532	1
11	533	1
11	534	1
11	535	1
11	536	1
11	537	1
11	538	1
11	539	1
11	540	1
11	541	1
11	542	1
11	543	1
11	544	1
11	545	1
11	546	1
11	547	1
11	548	1
11	549	1
11	550	1
11	551	2
11	552	1
11	553	1
11	554	1
11	555	1
11	556	1
11	557	1
11	558	1
11	559	1
11	560	1
11	561	1
11	562	1
11	563	1
11	564	1
11	565	1
11	566	1
11	567	1
11	568	1
11	330	1
11	339	6
12	569	1
12	570	2
12	571	1
12	572	1
12	573	1
12	574	1
12	575	1
12	576	1
12	475	1
12	577	1
12	578	1
13	2	1
13	347	13
13	579	1
13	580	1
13	581	1
13	582	1
13	475	3
13	583	1
13	7	1
13	25	1
13	26	5
13	34	1
13	35	1
13	36	2
13	55	1
13	312	1
13	324	1
13	584	1
13	330	1
13	331	4
13	333	1
13	335	2
13	341	2
13	354	3
13	356	1
13	585	1
13	447	1
13	448	2
13	440	1
13	441	1
13	442	2
13	454	2
13	481	1
13	483	2
13	480	2
13	586	1
13	587	1
13	502	1
13	504	1
13	505	2
13	514	1
13	517	1
13	523	1
13	525	1
13	526	2
13	543	2
13	544	1
13	548	1
13	558	1
13	567	1
13	568	1
13	572	2
13	588	3
13	589	2
13	590	3
13	591	8
13	592	2
13	593	3
13	594	3
13	595	2
13	596	11
13	597	3
13	598	2
13	599	4
13	600	2
13	601	2
13	602	2
13	603	4
13	604	2
13	605	2
13	606	2
13	607	2
13	608	2
13	609	2
13	610	2
13	611	2
13	612	2
13	613	2
13	614	1
13	615	2
13	616	1
13	617	2
13	618	1
13	619	2
13	620	1
13	621	2
13	622	2
13	623	1
13	624	1
13	625	1
13	626	1
13	627	1
13	628	1
13	629	1
13	630	1
13	631	1
13	632	1
13	633	1
13	634	1
13	635	1
13	636	1
13	637	1
13	638	1
13	639	1
13	640	1
13	641	1
13	642	1
13	643	1
13	644	2
13	645	4
13	646	2
13	647	1
13	648	1
13	649	1
13	650	1
13	651	1
13	652	1
13	653	1
13	654	1
13	655	1
13	656	1
13	657	1
13	658	1
13	659	1
13	660	1
13	661	1
13	662	1
13	663	1
13	664	1
13	665	1
13	666	1
13	667	1
13	668	1
13	669	2
13	670	1
13	671	1
13	672	2
13	673	1
13	674	1
13	675	1
13	676	1
13	677	1
13	678	1
13	679	1
13	680	1
13	681	1
13	682	1
13	683	1
13	684	1
13	685	1
13	686	1
13	687	1
13	688	1
13	689	1
13	690	1
13	691	1
13	692	1
13	693	1
13	694	1
13	695	1
13	696	1
13	697	1
13	698	1
13	699	1
13	700	1
13	701	1
13	702	1
13	703	1
13	704	1
13	705	1
13	706	2
13	707	1
13	708	1
13	709	1
13	710	1
13	711	1
13	712	2
13	713	2
13	714	1
13	715	1
13	716	1
13	717	2
13	718	1
13	719	1
13	720	1
13	721	1
13	722	1
13	723	1
13	724	1
13	725	1
13	726	1
13	727	1
13	728	1
13	729	1
13	730	1
13	731	2
13	732	1
13	733	1
13	734	2
13	735	1
13	736	1
13	737	1
13	738	1
13	739	1
13	740	1
13	741	1
13	742	1
13	743	2
13	744	1
13	745	1
13	746	1
13	747	1
13	748	1
13	749	1
13	750	1
13	751	1
13	752	1
13	753	1
13	754	1
13	755	1
13	756	1
13	757	1
13	758	1
13	759	1
13	760	1
13	761	1
13	762	3
13	763	1
13	764	1
13	765	1
13	766	1
13	767	1
13	768	1
13	769	1
13	770	1
13	771	1
13	772	1
13	773	1
13	774	1
13	775	1
13	776	1
13	777	1
13	778	1
13	779	1
13	780	1
13	781	1
13	782	1
13	783	1
13	784	1
13	785	1
13	786	1
13	787	1
13	788	1
13	789	1
13	790	1
13	791	1
13	792	1
13	793	1
13	794	1
13	795	1
13	796	1
13	797	1
13	798	1
13	799	1
13	800	1
13	801	2
13	802	1
13	803	1
13	804	1
13	805	1
13	806	1
13	807	1
13	808	1
13	809	1
13	810	2
13	811	1
13	812	1
13	813	2
13	814	1
13	815	1
13	816	1
13	817	1
13	818	1
13	819	1
13	820	1
13	821	1
13	822	1
13	823	1
13	824	1
13	825	1
13	826	1
13	827	1
13	828	1
13	829	1
13	830	1
13	831	1
13	832	1
13	833	1
13	834	1
13	835	1
13	836	1
13	837	1
13	838	1
13	839	1
13	840	1
13	841	1
13	842	1
13	843	1
13	844	1
13	845	1
13	846	1
13	847	1
13	848	1
13	849	1
13	850	1
13	851	1
13	852	1
13	853	1
13	854	1
13	855	1
13	856	1
13	857	1
13	858	1
13	859	1
13	860	1
13	861	1
13	862	1
13	863	1
13	864	1
13	865	1
13	866	1
13	867	1
13	868	1
13	869	1
13	870	1
13	871	1
13	872	1
13	873	1
13	874	1
13	875	1
13	876	1
13	877	1
13	878	1
13	879	1
13	880	1
13	881	2
13	882	2
13	883	1
13	884	2
13	885	1
13	886	1
13	887	1
13	888	1
13	889	1
13	890	1
13	891	1
13	892	1
13	893	1
13	894	1
13	895	1
13	896	1
13	897	1
13	898	1
13	899	1
13	900	1
13	901	1
13	902	1
13	903	1
13	904	1
13	905	1
13	906	1
13	907	1
13	908	1
13	909	1
13	910	1
13	911	1
13	912	1
13	913	1
13	914	1
13	915	1
13	916	1
13	917	1
13	918	1
13	919	1
13	920	1
13	921	1
13	922	1
13	923	1
13	924	1
13	925	1
13	926	1
13	927	2
13	928	1
13	929	1
13	930	1
13	931	1
13	932	1
13	933	1
13	934	1
13	935	1
13	936	1
13	937	1
13	938	1
13	939	1
13	940	1
13	941	1
13	942	1
13	943	1
13	944	1
13	945	1
13	946	1
13	947	1
13	948	1
13	949	1
13	950	1
13	951	1
13	952	1
13	953	1
13	954	1
13	955	1
13	956	1
13	957	1
13	958	1
13	959	1
13	960	4
13	961	1
13	962	2
13	963	2
13	964	1
13	965	1
13	966	1
13	967	1
13	968	1
13	969	1
13	970	1
13	971	2
13	972	1
13	973	1
13	974	1
13	975	1
13	976	1
13	977	1
13	978	1
13	979	1
13	980	1
14	156	1
14	981	1
14	982	1
14	983	2
14	984	2
14	985	9
14	986	2
14	987	8
14	988	2
14	989	2
14	990	2
14	991	1
14	992	2
14	993	1
14	994	1
14	995	1
14	996	1
14	997	1
14	998	1
14	999	3
14	1000	1
14	1001	1
14	1002	2
14	1003	1
14	1004	3
14	1005	2
14	1006	1
14	1007	1
14	1008	1
14	1009	1
14	1010	1
14	1011	3
15	1012	2
15	32	1
15	1013	1
15	1014	1
15	1015	1
15	1016	1
15	1017	1
15	1018	1
15	1019	1
15	1020	1
15	1021	2
15	1022	1
15	505	1
16	3	75
16	908	1
16	1023	2
16	1024	2
16	1025	1
16	1026	1
16	1027	1
16	1028	1
16	1029	1
16	1030	1
16	1031	1
16	1032	1
16	1033	1
16	1034	1
16	1035	1
16	1036	1
16	1037	1
16	1038	1
16	1039	1
16	1040	1
16	1041	1
16	1042	1
16	1043	1
16	1044	1
16	1045	1
16	1046	1
16	1047	1
16	1048	1
16	1049	1
16	26	7
16	327	4
16	321	4
16	505	1
16	867	1
16	63	1
16	517	2
16	67	1
16	344	1
16	72	1
16	1050	1
17	1051	1
17	1052	2
17	1053	3
17	1054	1
17	1055	1
17	1056	1
17	1057	1
17	1058	1
17	1059	1
17	1060	1
17	1061	1
17	1062	1
17	364	1
17	43	2
17	78	1
17	11	2
17	1063	1
17	1064	1
17	1065	3
18	1	1
18	1066	1
18	385	1
18	1067	1
18	1068	1
18	1069	1
18	1070	1
18	1071	1
18	1072	1
18	392	1
18	393	1
18	394	1
18	395	1
18	396	1
18	397	1
18	400	1
18	401	1
18	402	1
18	403	1
18	404	1
18	405	1
18	407	1
18	409	1
18	1073	2
18	1074	4
18	1075	2
18	1076	1
18	1077	3
18	1078	1
18	1079	1
18	1080	1
18	1081	1
18	1082	1
18	1083	1
18	1084	1
18	1085	1
18	1086	1
18	1087	1
18	1088	1
19	0	42
19	640	2
19	1089	1
19	2	14
19	335	2
19	1090	1
19	1091	1
19	1092	1
19	1093	1
19	1094	1
19	1095	1
19	1096	1
19	1079	1
19	1097	1
19	1098	1
19	1075	2
19	1099	1
19	24	1
19	1078	1
19	26	2
19	1080	1
20	1100	6
20	1101	10
20	1	2
20	0	2
20	1102	5
20	1103	2
20	1104	3
20	1105	12
20	1106	2
20	1107	1
20	1108	1
20	1109	2
20	1110	3
20	1111	2
20	1112	2
20	1113	1
20	1114	1
20	1115	3
20	1116	1
20	1117	3
20	1118	1
20	1119	1
20	1120	2
20	1121	1
20	1122	1
20	1123	1
20	1124	1
20	1125	1
20	1126	1
20	1127	3
20	1128	1
20	1129	1
20	1130	2
20	1131	1
20	1132	2
20	1133	1
20	18	4
20	1134	1
20	1135	1
20	1136	1
20	1137	1
20	1138	1
20	1139	1
20	25	3
20	1140	2
20	1141	1
20	1142	1
20	1143	1
20	1144	1
20	1145	1
20	1146	3
20	1147	1
20	1148	1
20	1149	1
20	1150	1
20	1151	1
20	1152	1
20	1153	1
20	1154	1
20	1155	1
20	1156	3
20	1157	1
20	1158	1
20	1159	1
20	1160	1
20	1161	1
20	1162	1
20	1163	1
20	1164	1
20	1165	1
20	1166	1
20	56	1
20	1167	1
20	75	1
20	916	1
20	1168	1
20	1169	1
20	502	2
20	886	1
20	547	4
20	550	1
20	554	1
20	565	10
20	926	1
20	1170	1
20	959	1
20	978	11
20	1171	1
20	1172	3
20	1173	1
20	1174	4
20	1175	1
20	1176	6
20	318	1
20	326	2
20	345	1
20	1177	17
20	1178	5
20	1179	2
20	1180	2
21	347	4
21	33	1
21	1181	1
21	1182	1
21	27	4
21	1183	1
21	1184	1
21	1185	1
21	1186	1
21	1187	1
21	1188	1
21	1189	2
21	1190	1
21	1191	1
21	1192	1
21	1193	1
21	1194	1
21	1195	1
21	1196	1
21	1197	1
21	1198	1
21	1199	1
21	998	1
22	141	2
22	437	1
22	1200	1
22	444	1
22	1201	1
22	446	1
22	142	1
22	414	2
22	723	1
22	72	4
22	1202	41
22	1203	3
22	775	1
22	1204	1
22	1205	6
22	1206	5
22	454	1
22	1207	6
22	1208	15
22	1209	11
22	1210	2
22	1211	6
22	1212	4
22	1213	2
22	1214	7
22	1215	12
22	1216	2
22	1217	12
22	1218	53
22	1219	2
22	1109	2
22	1220	2
22	1221	4
22	1222	2
22	1223	4
22	1224	9
22	1225	2
22	1226	6
22	1227	4
22	1228	4
22	1229	12
22	1230	2
22	1231	2
22	1232	1
22	1233	1
22	1234	1
22	1235	1
22	1236	1
22	1237	1
22	1238	1
22	1239	1
22	1240	1
22	1241	1
22	1242	1
22	1243	1
22	1244	1
22	1245	1
22	1246	2
22	1247	1
22	1248	4
22	1249	13
22	1250	1
22	1251	5
22	1252	5
22	1253	1
22	1254	1
22	1255	5
22	1256	1
22	1257	1
22	1258	1
22	1259	2
22	1260	10
22	1261	7
22	1262	1
22	1263	4
22	1264	1
22	1265	2
22	1266	3
22	1267	2
22	1268	1
22	1269	1
22	1270	1
22	1271	1
22	1272	1
22	1273	1
22	1274	2
22	1275	1
22	1276	1
22	1277	1
22	1278	1
22	886	1
22	1279	1
22	1280	3
22	1281	1
22	1282	1
22	1283	1
22	1284	2
22	1285	1
22	1286	1
22	1287	2
22	1288	3
22	1289	3
22	1290	1
22	1291	1
22	1292	1
22	1293	1
22	1294	1
22	1295	4
22	1296	1
22	1297	1
22	1298	1
22	1299	1
22	1300	1
22	1301	1
22	1302	3
22	1303	2
22	1304	1
22	1305	1
22	1306	2
22	1307	1
22	1308	3
22	504	1
22	1309	1
22	1310	1
22	1311	1
22	1312	1
22	1313	1
22	1314	1
22	577	2
22	1315	2
22	1316	2
22	1317	3
22	1318	1
22	1319	1
22	1320	1
22	1321	1
22	1322	1
22	1323	2
22	1324	1
22	1325	1
22	1326	1
22	1327	1
22	1328	1
22	1329	1
22	1330	1
22	1331	1
22	1332	1
22	1333	1
22	944	1
22	1334	1
22	1335	1
22	1336	1
22	1337	1
22	1338	1
22	596	1
22	1339	1
22	1340	6
22	1341	1
22	1342	1
22	1343	1
22	1344	1
22	1345	1
22	1346	1
22	1347	1
22	1348	1
22	1349	1
22	1350	1
22	1351	1
22	1352	31
22	1353	1
22	1354	1
22	1355	1
22	1356	1
22	1357	1
23	347	1
23	1358	1
23	27	2
23	1359	1
23	612	1
23	1360	3
23	1361	1
23	1362	1
23	1363	1
23	1364	2
23	1365	2
23	1366	1
23	1367	1
23	1368	1
23	1369	1
23	1370	2
23	1371	1
23	1372	1
23	1373	1
23	1374	1
23	1375	1
23	1376	1
23	1377	1
23	1378	1
23	458	1
23	625	1
24	1	2
24	2	1
24	3	2
24	640	2
24	1096	1
24	1109	1
24	385	2
24	1125	2
24	1126	1
24	1379	1
24	16	3
24	25	3
24	26	6
24	407	1
24	409	1
24	1154	1
24	41	1
24	1159	1
24	1160	1
24	51	1
24	52	4
24	60	1
24	1167	1
24	1089	1
24	313	1
24	1380	1
24	1381	1
24	1168	1
24	587	1
24	501	1
24	502	1
24	1382	1
24	515	1
24	517	2
24	1267	1
24	1383	1
24	547	1
24	1384	1
24	1225	2
24	927	2
24	1385	1
24	1386	4
24	1387	1
24	1388	4
24	1389	1
24	1390	3
24	1391	2
24	1392	2
24	1393	3
24	1394	9
24	1395	4
24	1396	3
24	1397	2
24	1398	1
24	1399	1
24	1400	2
24	1401	2
24	1402	2
24	1174	1
24	1403	2
24	1404	1
24	1405	1
24	1406	1
24	1407	2
24	1408	1
24	1409	1
24	1410	1
24	1411	1
24	1412	1
24	1413	1
24	1414	1
24	1415	1
24	1416	1
24	1417	1
24	1418	1
24	1419	1
24	1420	1
24	1421	1
24	1422	1
24	1423	1
24	1424	1
24	1425	1
24	1426	1
24	1427	1
24	1428	1
24	1429	1
24	1430	1
24	1431	1
24	1432	1
24	1433	1
24	1434	2
24	1435	1
24	1436	3
24	1437	2
24	1438	1
24	1439	1
24	1440	1
24	1441	1
24	1442	1
24	1443	1
24	1444	1
24	1445	1
24	1446	1
24	1447	1
24	1448	1
24	1449	1
24	1450	1
24	1451	1
24	1452	1
24	1453	1
24	1454	1
24	1455	1
24	1456	1
24	1457	1
24	1458	2
24	1459	1
24	325	8
24	1460	1
24	1461	1
24	1462	1
24	1463	1
24	1464	1
24	1465	1
24	1466	1
24	1467	1
24	1468	1
24	1076	1
24	1469	1
24	1470	1
24	331	1
24	1471	1
24	1472	1
24	1473	1
24	1474	1
24	1475	1
24	1476	2
24	1477	1
24	1478	1
24	1479	2
24	1480	1
24	1481	1
24	1482	1
24	1483	1
24	345	1
24	1484	1
24	1485	1
24	1486	1
24	1487	1
24	1488	1
24	1489	1
24	1490	1
25	1491	2
25	1492	2
25	1493	1
25	1494	1
25	547	1
25	1495	1
25	1496	1
25	640	1
25	1497	1
25	1381	2
25	1041	1
25	303	1
25	39	1
25	43	1
25	49	1
25	501	4
25	1498	1
25	335	1
25	1499	1
25	79	1
25	1500	2
25	996	1
25	880	1
25	461	1
25	1501	1
25	887	1
25	1502	1
25	1503	1
25	1504	1
25	1505	1
25	1506	1
25	1507	2
26	348	1
26	1358	1
26	596	1
26	1508	1
26	1509	1
26	1510	1
26	1511	1
26	1512	1
26	1513	1
26	1514	1
26	1515	2
26	1516	1
26	1517	1
26	1518	1
26	1519	2
26	1520	1
26	1521	2
27	1522	1
27	1523	1
27	1524	1
27	1525	2
27	1526	2
27	1527	1
27	1528	1
27	61	1
27	8	3
27	78	1
28	0	21
28	1	1
28	51	1
28	2	9
28	347	1
28	1102	3
28	1529	1
28	1105	12
28	1530	1
28	1109	2
28	55	1
28	1120	2
28	18	2
28	24	1
28	25	10
28	26	16
28	27	4
28	1531	5
28	38	1
28	39	2
28	1532	1
28	1533	1
28	1534	1
28	1535	1
28	1536	1
28	45	1
28	1537	1
28	1538	1
28	1539	3
28	1540	1
28	1541	1
28	1542	1
28	1543	1
28	1544	1
28	1545	1
28	1546	1
28	1547	1
28	1548	1
28	1549	3
28	1550	2
28	60	1
28	1551	1
28	1552	2
28	1553	1
28	1554	1
28	1555	1
28	1556	1
28	1557	1
28	1558	2
28	1559	1
28	1560	1
28	1561	1
28	72	6
28	1562	1
28	1563	1
28	1564	1
28	1565	1
28	1566	1
28	1567	2
28	1568	1
28	1569	1
28	1570	1
28	1571	1
28	1572	1
28	1573	1
28	1574	1
28	1575	1
28	1576	1
28	1577	1
28	1578	1
28	1579	1
28	1580	1
28	786	1
28	1208	1
28	1581	1
28	1582	3
28	1583	1
28	494	2
28	502	1
28	865	1
28	876	5
28	886	1
28	889	2
28	904	1
28	559	1
28	926	1
28	596	2
28	956	1
28	1170	1
28	959	1
28	978	1
28	1390	2
28	1584	1
28	1395	2
28	1585	1
28	1586	2
28	1407	3
28	1040	1
28	37	2
28	1587	1
28	1588	2
28	312	2
28	317	1
28	318	2
28	319	2
28	320	1
28	42	1
28	326	4
28	1157	1
28	1076	1
28	414	3
28	330	1
28	1082	1
28	1589	1
28	336	1
28	337	1
28	339	1
28	345	2
28	1167	3
28	1590	1
28	1507	1
29	1591	1
29	995	1
29	1592	1
29	299	1
29	1593	1
29	1594	1
29	1595	1
29	1596	1
29	572	2
29	27	4
29	1597	1
29	63	1
29	1598	1
29	70	1
29	1599	2
29	1600	4
29	1601	8
29	1602	7
29	1603	13
29	1604	2
29	1605	4
29	1606	5
29	1607	15
29	1608	9
29	1609	2
29	1610	5
29	1611	10
29	1612	6
29	1613	20
29	1614	7
29	1615	2
29	1616	1
29	1617	1
29	1618	2
29	1619	1
29	1620	4
29	310	1
29	1621	1
29	1622	8
29	1623	2
29	1624	3
29	1625	3
29	1626	2
29	1627	13
29	1628	5
29	1629	1
29	1630	2
29	1631	2
29	1632	4
29	1633	4
29	1634	3
29	1635	6
29	1636	2
29	1637	2
29	1638	9
29	1639	1
29	1640	9
29	1641	1
29	1642	4
29	1643	2
29	1644	2
29	1645	1
29	1646	1
29	1647	1
29	1648	1
29	1649	1
29	1650	1
29	1651	4
29	1652	1
29	1653	3
29	1654	4
29	1655	1
29	1656	1
29	1657	1
29	1658	2
29	1659	5
29	1660	1
29	1661	1
29	1662	1
29	1663	1
29	1664	1
29	1665	1
29	1666	1
29	1667	2
29	1668	1
29	1669	1
29	1670	2
29	1671	1
29	1672	1
29	1673	1
29	1674	1
29	1675	1
29	1676	1
29	1677	1
29	176	1
29	1678	2
29	1679	2
29	1680	1
29	1681	1
29	1682	1
29	1683	1
29	1684	1
29	1685	1
29	1686	2
29	186	1
29	1687	4
29	1688	1
29	1689	1
29	1690	1
29	1691	1
29	1692	1
29	1693	1
29	1694	1
29	1695	1
29	1696	1
29	1697	3
29	1698	1
29	1699	1
29	1700	1
29	1701	1
29	1702	1
29	203	1
29	1703	1
29	1704	1
29	1705	1
29	1706	1
29	1707	1
29	1708	1
29	1709	1
29	1710	1
29	1711	1
29	1712	1
29	1713	1
29	1714	1
29	1715	1
29	1716	2
29	1717	1
29	1718	1
29	1719	1
29	1720	1
29	1721	1
29	1722	1
29	1723	3
29	1724	1
29	1725	2
29	1726	3
29	1727	2
29	1728	1
29	1729	3
29	1730	1
29	1731	1
29	1732	1
29	1733	1
29	1734	6
29	1735	3
29	1736	1
29	1737	1
29	1738	2
29	1739	1
29	1740	2
29	1741	1
29	1742	3
29	1743	1
29	1744	1
29	1745	1
29	1746	2
29	1747	2
29	1748	1
29	1749	1
29	1750	1
29	1751	1
29	1752	1
29	1753	1
29	1754	1
29	1755	1
29	1756	1
29	1757	1
29	1758	1
29	1759	1
29	1760	2
29	1761	1
29	1762	1
29	1763	1
29	1764	2
29	1765	1
29	1766	1
29	1767	1
29	1768	1
29	1769	1
29	1770	1
29	270	1
29	1771	1
29	1772	7
29	1015	1
29	1773	1
29	1774	6
29	1018	1
29	1775	1
29	1020	1
29	1776	2
29	1777	2
29	1778	1
29	1779	1
29	1780	2
29	1781	1
29	1782	1
29	1783	1
29	1784	1
29	1785	1
29	1786	3
29	1787	1
29	1788	1
29	1789	1
29	1790	1
29	1791	1
29	281	2
29	282	1
29	283	9
29	284	4
29	1792	2
29	1793	1
29	1794	1
29	1795	1
29	1796	1
29	290	3
29	291	2
29	1797	1
29	1798	1
29	294	3
29	1799	1
29	1800	1
29	1801	1
29	1802	1
29	1043	2
29	1803	1
29	1804	1
29	1805	1
29	1806	1
29	1807	1
29	1808	1
29	1809	1
29	1810	1
29	1811	1
29	1812	1
29	1813	1
29	1814	2
29	1815	1
29	1816	1
29	1817	1
29	1818	1
29	1819	1
29	1820	1
29	1821	1
29	1822	1
29	1823	1
29	1824	1
29	1825	1
29	1826	1
29	1827	1
29	1828	1
29	1829	1
29	1830	1
29	1831	1
29	1832	1
29	1833	1
30	1834	1
30	1835	1
30	1	2
30	1836	2
30	1837	1
30	1838	1
30	1839	1
30	1840	1
30	347	2
30	1841	1
30	1842	1
30	1843	2
30	1844	1
30	1845	1
30	1846	1
30	1847	1
30	1848	1
30	1849	1
30	656	1
30	1850	1
30	1851	1
30	1852	1
30	1853	1
30	1854	1
30	1855	1
30	1856	1
30	1857	1
30	1858	1
30	1859	1
30	1860	1
30	1861	3
30	1862	1
30	1863	1
30	1864	1
30	1865	1
30	1866	1
30	1867	1
30	2	3
30	1868	1
30	6	1
30	1869	1
30	1870	1
30	1871	1
30	1872	1
30	1873	1
30	1874	1
30	1875	1
30	1876	2
30	1877	1
30	1878	2
30	1879	1
30	1880	1
30	17	2
30	18	2
30	1134	1
30	1881	1
30	1882	1
30	1883	1
30	1884	1
30	24	7
30	25	2
30	26	3
30	1885	1
30	1886	1
30	1887	1
30	1888	1
30	1889	1
30	1890	1
30	1891	1
30	34	3
30	1892	1
30	1893	1
30	1894	1
30	1895	1
30	1896	1
30	1897	1
30	1165	1
30	388	1
30	1898	1
30	1899	1
30	1529	4
30	51	4
30	1167	1
30	1900	1
30	1901	2
30	742	1
30	1902	2
30	1565	1
30	457	1
30	1903	1
30	1904	1
30	1905	1
30	658	1
30	1515	1
30	1906	1
30	567	6
30	601	1
30	1107	4
30	798	1
30	1109	1
30	458	1
30	1907	1
30	1221	1
30	1908	1
30	826	2
30	828	1
30	1571	1
30	1909	1
30	1910	1
30	1242	1
30	504	1
30	505	1
30	506	1
30	1911	1
30	514	1
30	518	1
30	519	1
30	1912	1
30	522	1
30	1269	1
30	1270	1
30	527	2
30	1121	1
30	529	2
30	532	1
30	536	1
30	893	6
30	896	2
30	385	1
30	547	1
30	900	1
30	901	2
30	902	1
30	904	10
30	906	2
30	907	8
30	910	5
30	913	4
30	565	1
30	566	2
30	918	2
30	921	1
30	923	2
30	927	1
30	931	1
30	1913	1
30	934	1
30	944	3
30	951	1
30	954	1
30	956	2
30	1914	1
30	1915	1
30	1916	1
30	978	1
30	980	1
30	1917	1
30	600	1
30	1918	1
30	1919	2
30	1390	2
30	1920	1
30	1921	1
30	1585	1
30	1353	1
30	1586	1
30	1174	4
30	1922	1
30	1923	1
30	855	1
30	526	1
30	1924	2
30	1925	1
30	878	1
30	1040	2
30	1041	5
30	1926	1
30	1200	1
30	1176	25
30	312	12
30	1927	1
30	317	2
30	1928	1
30	354	2
30	324	1
30	1929	4
30	1930	4
30	1469	1
30	1931	2
30	335	1
30	1932	5
30	1933	2
30	344	1
30	720	1
30	1934	3
30	1935	7
30	1936	4
31	1533	1
31	0	1
31	32	4
31	516	1
31	1491	1
31	318	1
31	1937	1
31	1938	1
31	96	1
31	1021	3
31	45	1
31	1939	1
31	1940	1
31	1941	1
31	1942	1
31	1943	1
31	1944	1
31	1945	1
31	505	3
31	56	1
31	27	1
32	646	1
32	27	1
32	1946	1
32	1947	1
32	1948	1
32	1949	1
32	1950	1
32	1951	1
32	1952	1
32	1953	1
32	1954	2
32	1955	1
32	1956	1
32	1957	1
32	1958	1
32	1959	1
32	1960	1
32	1961	2
32	1962	1
32	1963	4
32	1003	1
32	1004	4
33	1964	2
33	1965	2
33	1966	1
33	1967	1
33	1968	1
33	1969	1
33	1970	1
33	1971	2
33	1972	1
33	1973	2
33	580	1
33	1974	1
33	1975	1
33	1976	1
33	1977	1
33	1978	1
33	1979	1
33	1980	1
33	1981	1
33	1982	1
33	475	1
33	1983	1
33	1984	1
33	1985	1
33	1986	1
33	926	1
33	1987	1
33	1988	1
33	354	1
33	1181	1
33	607	1
33	384	1
33	385	1
33	1989	1
33	347	1
33	944	1
33	1990	1
33	17	1
33	1991	1
33	1992	1
33	1993	1
33	1994	1
33	395	1
33	26	3
33	27	7
33	462	1
33	1995	1
33	409	1
33	841	1
33	1996	1
33	613	1
33	1997	1
33	414	1
33	330	1
33	1998	1
33	1192	2
33	1999	1
33	2000	1
33	1660	1
33	76	2
33	1199	1
33	2001	2
33	2002	1
33	2003	2
33	2004	3
33	2005	1
33	2006	2
34	1777	1
34	298	1
34	2007	1
34	1668	1
34	2006	1
34	2008	2
34	2009	8
34	2010	7
34	2011	2
34	2012	3
34	2013	1
34	2014	4
34	2015	3
34	2016	9
34	2017	4
34	2018	2
34	2019	1
34	2020	5
34	2021	2
34	2022	1
34	2023	1
34	2024	1
34	2025	3
34	2026	1
34	2027	1
34	2028	1
34	27	4
34	2029	2
34	2030	1
34	2031	1
34	2032	1
34	2033	1
34	33	25
34	2034	1
34	2035	1
34	2036	1
34	43	1
34	1185	4
34	302	1
34	457	1
34	2037	3
34	1010	1
35	1522	2
35	78	1
35	10	1
35	2038	1
35	2039	3
35	2040	1
35	2041	4
35	2042	1
35	2043	1
35	2044	1
35	2045	1
35	2046	1
35	2047	1
35	2048	1
36	2049	1
36	0	47
36	1	4
36	2	44
36	901	3
36	1924	1
36	1200	1
36	1586	11
36	40	1
36	926	1
36	549	1
36	1101	1
36	6	1
36	2050	1
36	17	8
36	59	8
36	587	1
36	24	14
36	25	22
36	956	1
36	312	3
36	2051	1
36	34	4
36	1909	1
36	38	6
36	1532	1
36	42	4
36	974	1
36	47	11
36	2052	5
36	51	1
36	502	1
36	330	2
36	2053	1
36	2054	1
36	2055	1
36	2056	1
36	2057	1
36	2058	4
36	2059	1
36	2060	1
36	1390	2
36	2061	1
36	896	1
36	2062	1
36	1167	1
36	1395	1
36	2063	1
37	2064	1
37	2065	1
37	2066	1
37	2067	1
37	2068	1
37	2069	1
37	2070	1
37	2071	1
37	2072	1
37	2073	1
37	2074	1
37	2075	1
37	2076	1
37	2077	1
37	2078	1
37	2079	1
37	2080	1
37	2081	1
37	2082	1
37	2083	1
37	2084	1
37	2085	1
37	2086	2
37	2087	1
37	2088	1
37	2089	1
37	2090	1
37	2091	1
37	2092	1
37	2093	1
38	579	1
38	443	1
38	2094	1
38	9	1
38	10	1
38	414	1
38	2095	1
38	1208	3
38	78	10
38	2096	2
38	448	1
38	2097	1
38	442	1
38	801	1
38	2098	1
38	2099	1
38	2100	1
38	1252	2
38	119	1
38	2101	2
38	2102	5
38	2103	2
38	2104	4
38	2105	2
38	2106	2
38	2107	3
38	2108	2
38	596	1
38	2109	2
38	2110	1
38	2111	1
38	2112	1
38	2113	1
38	2114	1
38	2115	1
38	2116	1
38	2117	1
38	2118	1
38	2119	1
38	2120	1
38	2121	1
38	2122	4
38	2123	1
38	2124	2
38	2125	2
38	2126	1
38	2127	7
38	2128	1
38	2129	1
38	2130	1
38	2131	1
38	2132	1
38	2133	1
38	2134	1
38	2135	1
38	2136	1
38	2137	1
38	2138	1
38	2139	1
38	2140	1
38	2141	2
38	2142	1
38	2143	3
38	2144	1
38	2145	1
38	2146	1
38	2147	1
38	2148	1
38	242	1
38	2149	1
38	2150	1
38	2151	1
38	2152	1
38	2153	1
38	2154	1
38	2155	4
38	2156	1
38	2157	2
38	2158	1
38	2159	1
38	2160	1
38	2161	2
38	2162	1
38	2163	1
38	2164	3
38	2165	1
38	2166	1
38	2167	1
38	2168	1
38	2169	1
38	2170	1
38	2171	2
38	2172	1
38	2173	1
38	2174	1
38	2175	1
38	2176	1
38	2177	1
38	2178	1
38	2179	1
38	2180	1
38	2181	1
38	2182	1
38	2183	1
38	2184	1
38	1065	1
38	1051	9
38	1053	2
38	1061	2
38	2185	1
38	2186	3
39	270	1
39	1771	1
39	1015	2
39	1773	1
39	149	1
39	1775	1
39	1686	1
39	100	1
39	1610	1
39	2187	1
39	1806	1
39	2188	4
39	2159	1
39	2189	1
39	2190	1
39	2191	1
39	2192	1
39	2193	1
39	2194	1
39	2195	1
39	2196	1
39	2197	1
39	2198	1
39	2199	1
39	2200	1
39	2201	1
39	2202	1
39	2203	1
39	2204	1
39	2205	1
39	2206	1
39	594	4
39	1593	1
39	2207	1
39	2208	1
39	2209	1
39	2210	1
39	2211	1
39	2212	1
39	27	3
39	2213	1
39	2214	1
39	2215	1
39	2216	1
39	2217	1
39	2218	1
39	2219	1
39	2220	1
39	2221	1
39	2222	1
39	2223	1
39	2224	1
39	2225	1
39	2226	1
39	2227	1
39	2228	1
39	414	2
39	2229	1
39	1997	1
39	2230	1
39	2231	2
39	2232	1
39	500	1
39	1725	1
39	2233	1
39	2234	1
39	1735	1
39	1738	1
39	2235	1
39	740	1
39	2236	1
39	2237	1
39	2238	1
39	995	1
39	78	1
39	2239	1
39	2240	1
39	1600	1
39	2241	1
39	2242	1
39	148	1
40	1053	1
40	2243	1
40	377	2
40	2149	2
40	2106	1
40	359	1
40	369	1
40	371	1
40	2244	1
40	2245	1
40	2246	1
40	2247	1
40	374	2
40	2248	1
40	2249	1
40	2250	1
41	2251	4
41	1015	1
41	1785	1
41	2252	2
41	2253	1
41	2010	1
41	2254	1
41	2255	1
41	2256	1
41	2257	1
41	981	1
41	2258	1
41	1728	1
41	27	1
42	2259	2
42	1	5
42	2260	1
42	2261	1
42	2262	1
42	2263	1
42	2264	1
42	2265	1
42	2266	1
42	2267	1
42	1102	4
42	2268	1
42	2269	1
42	2270	1
42	2271	1
42	2272	1
42	2273	1
42	2274	1
42	1836	1
42	2275	1
42	2276	1
42	2277	2
42	2278	1
42	2279	1
42	2280	1
42	2281	1
42	2282	1
42	2283	1
42	2284	1
42	2285	1
42	2286	1
42	4	1
42	1864	1
42	1120	1
42	16	1
42	17	2
42	18	1
42	24	4
42	25	5
42	26	3
42	2287	1
42	33	2
42	34	1
42	38	1
42	41	1
42	1157	2
42	2288	1
42	52	1
42	54	3
42	2289	1
42	66	1
42	74	5
42	1565	2
42	2290	2
42	587	1
42	490	1
42	1909	1
42	504	2
42	505	4
42	868	2
42	522	1
42	878	1
42	890	1
42	893	1
42	910	1
42	924	1
42	944	1
42	946	1
42	2291	1
42	1585	1
42	2292	1
42	1405	1
42	281	1
42	1041	1
42	308	1
42	321	1
42	2052	1
42	333	1
42	334	2
42	336	2
42	337	2
42	345	1
42	2293	4
42	2294	2
42	2295	2
42	2296	3
43	603	1
43	604	1
43	931	1
43	2297	1
43	2298	1
43	2299	1
43	2300	1
43	2301	1
43	2302	1
43	2303	1
43	347	1
43	2304	1
43	2305	3
43	2306	1
43	2307	1
43	2308	1
43	2309	1
43	2310	5
43	2311	1
43	2312	1
43	2313	1
43	2027	2
43	26	1
43	27	2
43	1762	1
43	2314	1
43	505	2
43	58	18
43	1389	2
43	2315	1
43	2316	1
43	457	1
43	2317	1
43	1755	1
43	2318	1
43	2004	1
43	1618	1
44	2263	2
44	1102	4
44	1104	1
44	1530	1
44	4	26
44	2319	1
44	1912	1
44	1121	1
44	2300	1
44	940	1
44	16	2
44	24	1
44	25	1
44	26	2
44	2320	1
44	2321	3
44	2322	3
44	2323	1
44	2324	1
44	2325	1
44	2326	1
44	2327	1
44	2328	1
44	2329	1
44	2330	1
44	46	2
44	59	1
44	333	1
44	334	1
44	2061	1
44	1561	1
44	2331	1
44	926	1
44	2290	1
44	2332	7
44	1575	2
44	2333	1
44	2334	1
45	2272	1
45	2280	1
45	2335	2
45	7	1
45	2336	3
45	18	1
45	27	10
45	29	5
45	34	1
45	2337	1
45	42	1
45	1898	1
45	2338	4
45	2339	2
45	56	2
45	2340	2
45	2341	4
45	1189	2
45	2342	2
45	2343	1
45	2344	1
45	2345	1
45	72	2
45	2346	1
45	2347	1
45	2348	3
45	2349	1
45	2350	1
45	2351	1
45	2352	1
45	2001	1
45	2353	2
45	2354	1
45	2355	1
45	2356	1
45	2357	1
45	2358	1
45	2359	1
45	2360	2
45	2361	1
45	2362	1
45	2363	1
45	2364	1
45	2365	1
45	2366	1
45	2367	1
45	2368	1
45	2369	1
45	2370	1
45	2371	2
45	2372	1
45	2373	1
45	2374	1
45	2375	1
45	2376	1
45	2377	1
45	2378	1
45	2379	1
45	2380	1
45	2381	1
45	2382	1
45	981	2
45	2383	2
45	2011	1
45	2384	1
45	2385	1
45	2044	2
45	505	2
45	506	1
45	2386	4
45	868	1
45	521	2
45	527	1
45	2387	1
45	2094	1
45	557	1
45	1658	1
45	1660	3
45	160	1
45	923	1
45	172	1
45	186	1
45	1018	1
45	2126	1
45	984	1
45	1731	1
45	79	1
45	998	2
45	2388	1
45	603	1
45	1353	1
45	2389	1
45	1799	1
45	1591	3
46	101	1
46	2390	1
46	2391	17
46	2392	1
46	2393	1
46	2394	1
46	2395	1
46	2396	2
46	2397	1
46	2398	1
46	2399	1
46	2400	1
46	2401	2
46	1831	1
46	1686	2
46	2305	1
46	27	1
46	2402	1
46	207	1
46	310	3
46	2226	2
46	2403	1
46	2404	1
46	998	1
46	2001	1
46	2405	1
47	559	1
47	912	1
47	1116	1
47	2406	6
47	2407	1
47	2408	1
47	2409	1
47	2410	1
47	2411	1
47	2412	1
47	2413	1
47	587	1
47	2414	1
47	1531	3
47	2415	1
47	2416	1
47	2417	2
47	25	7
47	2418	1
47	2419	1
47	2420	1
47	37	3
47	1587	1
47	949	1
47	45	1
47	2421	1
47	55	1
47	861	1
47	336	3
47	865	6
47	871	2
47	2422	2
48	347	1
48	1774	1
48	1022	1
48	2423	1
48	2424	1
48	2425	3
48	2189	1
48	2305	1
48	1697	1
48	27	3
48	2426	8
48	2427	2
48	2428	9
48	2429	4
48	2430	1
48	2431	1
48	2432	1
48	2433	1
48	2434	1
48	2435	1
48	2436	1
48	2437	1
48	2438	1
48	2439	1
48	2440	1
48	2441	1
48	2442	1
48	2443	1
48	2444	1
48	2445	1
48	985	5
48	2289	1
48	2255	1
48	2446	1
48	1199	1
48	1002	1
48	2357	2
48	2447	1
49	0	2
49	2	1
49	6	1
49	2240	1
49	1594	1
49	2315	1
49	2316	1
49	27	17
49	33	1
49	414	2
49	1162	4
49	55	1
49	58	1
49	59	1
49	2448	1
49	2449	3
49	2368	1
49	2450	1
49	1979	2
49	2451	2
49	1668	1
49	2452	1
49	1669	1
49	2189	2
49	2453	1
49	923	1
49	2016	1
49	2426	1
49	2454	1
49	2429	1
49	2455	1
49	2441	1
49	2456	2
49	2457	33
49	514	1
49	2458	4
49	2459	4
49	2460	4
49	2461	2
49	2462	2
49	2463	2
49	1640	3
49	2464	4
49	2465	1
49	2466	1
49	2467	1
49	2468	1
49	2469	2
49	2470	70
49	2471	2
49	2472	1
49	2473	2
49	2474	1
49	2475	1
49	2476	2
49	2477	1
49	2478	1
49	2479	1
49	2480	1
49	2481	1
49	2482	3
49	2483	4
49	2484	1
49	2485	2
49	2486	1
49	2487	2
49	2488	1
49	2489	1
49	2490	1
49	2491	2
49	2492	1
49	2493	1
49	2494	1
49	2495	1
49	2496	1
49	2497	1
49	2498	1
49	2499	1
49	2500	1
49	2501	1
49	2502	1
49	2503	1
49	2504	2
49	2505	1
49	2506	1
49	2507	1
49	2508	1
49	2509	1
49	2510	1
49	2511	1
49	26	6
49	2512	1
49	2513	1
49	2514	1
49	2515	1
49	944	1
49	945	1
49	946	3
49	594	4
49	951	1
49	948	2
49	2516	12
49	1697	1
49	1727	2
49	1728	1
49	2517	1
49	995	1
49	1770	2
49	603	1
49	2190	2
49	298	1
49	2518	1
49	1812	1
49	312	1
49	1826	7
49	335	1
50	1644	8
50	1966	1
50	2273	1
50	1594	4
50	1687	2
50	2519	41
50	2520	2
50	2521	1
50	2522	2
50	2523	1
50	2524	4
50	2525	1
50	2526	1
50	2527	1
50	27	2
50	2528	1
50	2529	1
50	2530	1
50	2531	1
50	2532	1
50	2533	1
50	2534	1
50	2429	1
50	2535	2
50	2227	1
50	1997	1
50	2232	10
50	2444	1
50	1697	1
50	1728	1
50	985	39
50	2209	1
50	2536	4
50	2258	2
50	2537	1
50	1640	2
51	0	30
51	1845	1
51	2	10
51	2538	1
51	2282	1
51	1109	1
51	2263	1
51	25	4
51	26	6
51	1143	1
51	1888	1
51	1146	1
51	1149	1
51	2539	1
51	2327	1
51	1157	1
51	414	1
51	47	2
51	51	1
51	2540	1
51	1584	1
51	1167	1
51	2541	1
51	74	1
51	1565	1
51	2351	1
51	442	1
51	489	1
51	828	1
51	1236	1
51	494	2
51	502	1
51	2542	1
51	913	1
51	947	1
51	1346	1
51	2543	2
51	2544	2
51	974	1
51	978	1
51	1372	1
51	2545	2
51	2546	1
51	2547	1
51	600	1
51	2548	1
51	2549	1
51	2550	1
51	1390	2
51	2551	1
51	2552	1
51	2553	1
51	2554	1
51	2555	1
51	2556	1
51	2557	1
51	2558	1
51	2559	1
51	2560	1
51	2561	1
51	2562	1
51	2563	1
51	2564	1
51	2565	1
51	2566	1
51	2567	1
51	2568	1
51	2569	1
51	2570	1
51	2571	1
51	2572	1
51	2573	1
51	2574	1
51	2575	1
51	2576	1
51	268	1
51	2577	1
51	2578	1
51	2579	1
51	1402	1
51	2292	1
51	2580	1
51	1407	1
51	1025	2
51	2192	1
51	312	1
51	2581	2
51	2582	1
51	1473	1
51	335	3
51	341	1
51	354	1
51	1505	1
52	2583	1
52	2584	1
52	2585	2
52	1836	1
52	2586	2
52	2587	2
52	2	2
52	2588	1
52	2589	1
52	2590	1
52	2285	1
52	2591	1
52	17	3
52	18	1
52	24	3
52	25	4
52	2322	1
52	1892	1
52	37	3
52	39	2
52	1533	1
52	42	2
52	1898	1
52	1158	1
52	55	1
52	57	1
52	1900	1
52	1203	2
52	2592	1
52	1176	2
52	2593	2
52	2594	1
52	319	1
52	2595	1
52	502	1
52	2596	1
52	2597	1
52	1267	2
52	535	1
52	536	1
52	893	1
52	550	1
52	904	1
52	910	1
52	2598	1
52	923	1
52	1320	2
52	936	1
52	2599	1
52	2600	1
52	974	2
52	2601	2
52	1938	1
52	2602	57
52	603	1
52	2603	19
52	2604	7
52	2605	3
52	2606	3
52	2607	4
52	2608	8
52	2609	6
52	2610	5
52	2611	3
52	2612	8
52	2613	2
52	2614	3
52	2615	6
52	2616	2
52	2617	1
52	2618	1
52	2619	1
52	2620	1
52	2621	1
52	312	2
52	2622	5
52	2623	1
52	2624	3
52	2625	1
52	2626	1
52	318	1
52	2627	1
52	2628	1
52	321	3
52	2629	4
52	2630	2
52	324	1
52	2631	1
52	326	1
52	2632	1
52	2633	1
52	2634	1
52	2635	1
52	2636	1
52	2637	1
52	2638	2
52	2639	1
52	2640	1
52	2641	1
52	2642	1
52	2643	1
52	2644	1
52	2645	3
52	2646	1
52	335	2
52	2647	1
52	2648	1
52	2649	1
52	2650	1
52	2651	1
52	2652	1
52	2653	1
52	2654	1
52	2655	1
52	2656	1
52	2657	1
52	2658	1
52	2659	2
52	2660	1
52	2661	1
52	2662	1
52	2663	1
52	2664	1
52	2665	1
52	2666	1
52	2667	2
52	2668	1
52	2669	1
52	2670	1
52	2671	1
52	2672	1
52	2673	1
52	2674	1
52	2675	1
52	2676	2
53	1431	2
53	602	1
53	1	3
53	2677	1
53	2678	1
53	901	2
53	604	1
53	2679	3
53	2680	2
53	640	2
53	551	1
53	2681	2
53	1302	1
53	1106	16
53	913	1
53	1851	1
53	2682	2
53	2683	1
53	2684	1
53	2685	1
53	2686	3
53	2687	1
53	2688	2
53	2689	1
53	2690	1
53	2691	1
53	2692	3
53	2693	1
53	2694	1
53	2695	1
53	2696	1
53	2697	1
53	2698	1
53	6	2
53	2280	1
53	2699	1
53	2700	1
53	36	1
53	2701	1
53	926	1
53	940	1
53	2702	2
53	2703	1
53	2704	1
53	2705	1
53	16	1
53	2706	1
53	2707	1
53	587	1
53	2708	1
53	2709	1
53	2710	1
53	2711	1
53	2712	1
53	25	3
53	26	9
53	1176	1
53	2322	4
53	2713	2
53	2057	1
53	1120	1
53	2432	1
53	414	1
53	974	2
53	457	1
53	49	2
53	2581	2
53	502	1
53	1544	4
53	331	2
53	1584	1
53	600	1
53	239	1
53	1390	1
53	341	1
53	2714	1
53	2715	1
53	2716	1
53	2717	1
53	2155	2
53	2559	1
53	526	2
53	527	1
53	2718	1
53	889	1
54	429	1
54	2719	1
54	2368	2
54	1015	1
54	2720	1
54	347	1
54	1966	1
54	454	1
54	2721	1
54	2454	2
54	1670	1
54	2722	1
54	2723	1
54	290	1
54	446	1
54	1594	1
54	2011	1
54	2724	1
54	2202	1
54	593	1
54	2725	1
54	2530	1
54	2726	2
54	32	9
54	2727	1
54	2728	2
54	2729	1
54	2730	1
54	2731	1
54	2732	2
54	2733	1
54	2734	2
54	2735	1
54	2736	2
54	2737	2
54	2738	2
54	2739	1
54	2740	1
54	2741	1
54	1722	1
54	2742	1
54	2743	1
54	2744	1
54	2745	1
54	2746	1
54	2747	1
54	2748	1
54	2749	1
54	2750	1
54	2751	3
54	1646	1
54	76	2
54	2752	1
54	2753	1
54	2754	1
55	1602	1
55	2470	1
55	270	1
55	1018	2
55	2755	2
55	1784	2
55	274	1
55	1790	1
55	281	1
55	1798	1
55	2756	1
55	1686	1
55	2304	1
55	594	3
55	2225	1
55	27	6
55	2314	1
55	29	1
55	2757	2
55	2758	1
55	2289	1
55	2403	9
55	2759	1
55	2760	1
55	2761	1
55	2762	1
55	2763	1
55	2764	1
55	2765	1
55	2766	1
55	2767	1
55	2768	1
55	2769	1
55	2770	1
55	2771	1
55	76	3
55	1199	1
56	2772	3
56	1101	1
56	2773	4
56	2774	5
56	2775	2
56	2776	1
56	2777	2
56	2778	1
56	2779	1
56	2780	1
56	2781	1
56	2782	1
56	2783	2
56	2784	1
56	2785	1
56	2786	1
56	2787	1
56	2788	1
56	2789	1
56	2790	1
56	2791	1
56	2792	1
56	2793	1
56	1979	1
56	2794	1
56	2795	1
56	1117	1
56	2796	2
56	53	1
56	1302	2
56	72	1
56	2797	7
56	2798	6
56	2799	3
56	2800	2
57	2801	1
57	2802	1
57	2803	1
57	2762	1
57	2804	1
57	2805	1
57	2806	1
57	2807	1
57	2808	1
57	2809	1
57	43	2
57	2810	2
57	2811	1
57	2812	2
57	2813	1
58	1591	1
58	29	1
58	1497	1
58	603	3
58	1652	2
58	1655	1
58	557	2
58	2381	1
58	2455	1
58	2814	2
58	2815	1
58	76	1
58	2283	1
58	2816	1
58	924	1
58	2817	1
58	2802	1
58	2818	1
58	2035	2
58	385	3
58	2011	1
58	2819	2
58	2820	1
58	24	1
58	2821	1
58	2822	1
58	2823	1
58	2824	1
58	2825	1
58	2826	1
58	2827	1
58	2828	2
58	2829	1
58	2830	1
58	2831	1
58	2832	4
58	2833	1
58	2834	2
58	2835	1
58	2836	7
58	2736	1
58	2837	1
58	2838	1
58	2839	4
58	2840	2
58	2841	1
58	2842	1
58	2843	1
58	2379	2
58	2844	1
58	2845	1
58	2846	1
58	2847	1
58	505	3
58	2848	2
58	2849	1
58	2850	1
58	1733	4
58	2851	2
58	2852	3
58	2853	15
58	988	1
58	2854	1
58	2762	1
58	516	1
58	517	1
58	341	2
58	2342	1
58	994	2
58	526	2
58	527	1
58	998	4
58	2385	2
58	2855	1
58	27	2
58	2003	1
58	2856	1
58	2857	1
58	2858	2
59	901	2
59	0	4
59	1	1
59	2	12
59	2859	1
59	904	1
59	2679	2
59	2860	3
59	489	1
59	2861	2
59	2862	1
59	395	1
59	329	2
59	2863	1
59	603	1
59	1422	1
59	385	2
59	458	2
59	1066	2
59	1046	3
59	16	1
59	1434	1
59	195	1
59	2864	1
59	25	1
59	26	4
59	2002	1
59	2865	1
59	2866	2
59	1379	1
59	2322	1
59	392	1
59	407	1
59	408	1
59	39	1
59	45	1
59	1161	1
59	977	1
59	1075	1
59	337	1
59	2867	2
59	342	2
59	2000	1
59	345	1
59	1990	1
59	2868	1
59	2869	1
59	2870	1
59	2871	1
59	2872	1
59	2873	1
59	2874	1
59	2875	1
59	2876	1
59	2877	1
59	2878	1
59	2879	1
59	2880	1
59	2881	1
59	2882	1
59	2883	1
59	2884	1
59	893	1
60	1834	1
60	0	23
60	328	1
60	51	3
60	2263	1
60	2885	3
60	1103	1
60	1529	1
60	1851	2
60	1852	1
60	1106	1
60	2686	1
60	2688	3
60	899	3
60	4	4
60	2886	3
60	1119	1
60	2264	1
60	1046	2
60	16	5
60	18	4
60	24	1
60	25	3
60	26	2
60	2887	1
60	35	2
60	2888	1
60	1897	2
60	1155	1
60	1535	2
60	556	1
60	45	2
60	46	1
60	1161	1
60	2889	5
60	53	1
60	1390	1
60	1900	1
60	2890	1
60	79	2
60	1089	1
60	563	1
60	2891	1
60	564	1
60	2892	1
60	1855	1
60	2789	1
60	2791	1
60	2792	1
60	1979	1
60	1143	1
60	487	1
60	2893	1
60	2894	1
60	489	2
60	2895	1
60	2896	3
60	2825	1
60	490	3
60	1929	1
60	506	1
60	516	1
60	2897	34
60	2867	7
60	519	1
60	1578	1
60	2898	1
60	2868	2
60	2869	4
60	2871	2
60	2872	3
60	2873	2
60	2875	3
60	887	1
60	2880	10
60	2899	3
60	2882	2
60	2883	2
60	2900	26
60	2901	22
60	2902	1
60	2903	3
60	2904	19
60	2905	16
60	2906	5
60	904	2
60	2907	1
60	555	1
60	907	1
60	2908	3
60	561	1
60	1938	1
60	2909	3
60	2910	6
60	2911	3
60	567	1
60	1311	1
60	922	2
60	2912	1
60	2913	2
60	2914	1
60	603	1
60	2915	1
60	2916	1
60	2917	2
60	944	2
60	2918	3
60	2919	5
60	2920	2
60	2921	4
60	2922	6
60	2923	1
60	2924	2
60	2925	1
60	1414	1
60	2926	1
60	2927	1
60	330	1
60	2928	2
60	974	1
60	977	2
60	339	1
60	2929	1
60	517	1
60	2601	5
60	2715	1
60	2930	1
60	2931	1
60	2932	1
60	2933	1
60	2934	1
60	2935	1
60	2936	1
60	2937	1
60	2938	1
60	2939	1
60	2940	1
60	2941	1
60	2942	1
60	2943	1
60	2944	1
60	2945	1
60	2946	1
60	2947	1
60	2948	1
60	2949	1
60	2950	1
60	2951	1
60	2952	1
60	2953	1
60	2954	1
60	2955	1
60	2956	1
60	2957	1
60	2958	1
60	2959	1
60	2960	1
60	2961	1
60	2962	2
60	2963	1
60	2964	1
60	2965	1
60	2966	1
60	2967	1
60	2968	1
60	2969	1
60	2860	5
60	2970	1
60	2971	1
60	2972	1
60	2973	1
60	2974	1
60	2975	1
60	2976	1
60	2977	1
60	2978	1
60	2979	1
60	2980	1
60	2981	1
60	2982	1
60	1413	27
60	2983	2
60	2984	1
60	2985	1
60	2986	1
60	2987	1
60	2988	1
60	2989	1
60	2990	1
60	1422	4
60	2991	4
60	2992	1
60	2993	1
60	2994	1
60	2995	1
60	2996	1
60	2997	1
60	2998	1
60	1431	5
60	2999	1
60	3000	1
60	3001	1
60	3002	1
60	3003	1
60	3004	2
60	3005	1
60	3006	1
60	3007	1
60	3008	1
60	3009	1
60	3010	2
60	3011	1
60	3012	1
60	3013	1
60	3014	1
60	3015	1
60	3016	1
60	3017	1
60	3018	1
60	3019	1
60	3020	1
60	3021	3
60	3022	1
60	3023	1
60	3024	1
60	3025	1
60	3026	1
60	3027	1
60	3028	1
60	3029	1
60	3030	4
60	3031	1
60	3032	1
60	3033	1
60	1075	3
60	3034	1
60	3035	1
60	1076	2
60	973	1
60	3036	1
60	3037	1
60	3038	1
60	1081	1
60	1473	1
60	3039	1
60	3040	1
60	889	1
60	3041	1
60	3042	1
60	1479	2
60	3043	1
60	3044	1
60	3045	1
60	3046	1
60	3047	1
60	3048	1
60	3049	1
60	3050	1
60	3051	6
60	3052	1
60	3053	1
60	3054	1
60	3055	1
60	2332	1
60	3056	1
60	3057	1
60	3058	1
60	3059	1
60	3060	1
60	3061	1
60	3062	1
60	3063	1
60	3064	2
61	2803	1
61	445	1
61	3065	5
61	3066	1
61	3067	1
61	3068	1
61	1620	3
61	3069	1
61	3070	1
61	3071	1
61	2805	1
61	2519	1
61	1494	1
61	3072	1
61	288	2
61	2756	1
61	1967	1
61	2504	1
62	3073	2
62	3074	1
62	3075	1
62	3076	1
62	3077	1
62	3078	1
62	3079	1
62	3080	1
62	3081	1
62	3082	1
62	3083	1
62	3084	1
62	3085	1
62	3086	1
62	3087	1
62	3088	1
62	3089	1
62	3090	1
62	3091	1
62	3092	1
62	3093	1
62	3094	1
62	3095	1
62	3096	1
62	3097	1
62	3098	1
62	3099	1
62	3100	2
62	3101	1
62	3102	1
62	3103	1
62	3104	1
62	3105	1
62	3106	1
62	3107	1
62	3108	1
62	3109	1
62	3110	1
62	3111	1
62	3112	1
62	3113	1
62	3114	1
62	3115	1
62	3116	1
62	3117	1
62	3118	1
62	3119	1
62	3120	1
62	3121	1
62	3122	1
62	3123	1
62	3124	1
62	3125	1
62	3126	1
62	3127	1
62	3128	1
62	3129	1
62	3130	1
62	3131	1
62	3132	1
62	3133	1
62	3134	1
62	3135	1
62	3136	1
62	3137	1
62	3138	8
62	3139	3
62	3140	3
62	3141	1
62	2083	1
62	2085	1
62	2087	1
62	2089	1
62	2090	1
62	2091	1
62	2065	1
62	2069	1
62	2070	1
62	2072	1
62	2078	1
62	2924	1
62	3142	1
62	3143	1
62	3144	1
62	3145	1
62	2931	1
62	2937	1
62	2940	1
62	2941	1
62	2942	1
62	2945	1
62	2948	1
62	2954	1
62	2975	1
62	1479	2
62	1480	1
62	1481	1
62	1482	1
62	1485	1
62	1486	1
63	2472	1
63	385	2
63	1070	1
63	1071	1
63	1379	5
63	391	1
63	392	1
63	393	1
63	394	1
63	395	1
63	396	1
63	397	1
63	399	1
63	43	12
63	3146	2
63	1997	5
63	3147	15
63	3148	2
63	3149	3
63	3150	2
63	3151	2
63	3152	1
63	3153	1
63	3154	3
63	3155	1
63	3156	1
63	3157	1
63	3158	1
63	3159	1
63	3160	1
63	3161	1
63	3162	2
63	3163	1
63	3164	1
63	3165	1
63	3166	1
63	3167	1
63	3168	1
63	3169	1
63	3170	1
63	3171	1
63	3172	1
63	3173	1
63	3174	1
63	3175	1
63	3176	1
63	3177	1
63	3178	1
63	3179	1
63	3180	1
63	3181	2
63	3182	1
63	3183	3
63	3184	1
63	3185	1
63	3186	1
63	3187	1
63	3188	2
63	3189	1
63	3190	1
63	3191	2
63	3192	1
63	3193	1
63	3194	1
63	3195	1
63	3196	1
63	3197	1
63	3198	1
63	3199	1
63	3200	2
63	3201	1
63	3202	1
63	3203	1
63	3204	1
63	3205	1
63	3206	1
63	3207	1
63	3208	1
63	3209	1
63	3210	1
63	3211	1
63	3212	1
63	3213	1
63	3214	1
63	3215	1
63	3216	1
63	3217	2
63	3218	1
63	3219	1
63	3220	1
63	3221	1
63	2844	1
63	3222	1
63	3223	1
63	3224	1
63	3225	1
63	3226	1
63	3227	1
63	3228	1
63	3229	1
63	3230	1
63	3231	1
63	3232	1
63	3233	2
63	3234	1
63	3235	1
63	3236	1
63	3237	1
63	3238	1
63	3239	1
63	3240	1
63	3241	1
63	3242	1
63	3243	1
63	3244	1
63	2485	1
63	1022	2
63	1447	1
64	3245	1
64	339	1
64	1120	1
64	604	1
64	40	1
64	3246	3
64	3247	2
64	2384	1
64	1589	1
64	2562	2
64	3248	1
64	18	1
64	51	2
64	3249	1
64	3250	1
64	1087	1
64	3251	1
64	951	1
64	3252	1
65	3253	1
65	3254	1
65	3255	1
65	3256	1
65	3257	1
65	3258	1
65	3259	1
65	3260	2
65	3261	1
65	3262	1
65	3263	1
65	3264	1
65	2268	1
65	3265	1
65	1669	1
65	1616	1
65	1032	1
65	2504	1
65	2225	1
65	3266	1
65	2314	9
65	29	1
65	2454	2
65	2757	1
65	2337	1
65	1620	1
65	310	1
65	1937	1
65	3267	1
65	3268	2
65	63	1
65	66	1
65	67	1
65	3269	1
65	3270	1
66	33	1
66	640	2
66	1938	1
66	182	1
66	2477	1
66	917	1
66	2367	1
66	3271	3
66	3272	4
66	100	2
66	158	1
66	161	1
66	3273	4
66	3274	2
66	3275	1
66	169	1
66	2810	1
66	3276	1
66	3277	1
66	3278	1
66	3279	3
66	3280	1
66	3281	1
66	3282	2
66	3283	1
66	3284	1
66	3285	1
66	3286	2
66	3287	2
66	1594	3
66	3288	1
66	3289	1
66	3290	1
66	3291	1
66	3292	1
66	3293	1
66	3294	1
66	3295	1
66	3296	1
66	3297	1
66	2713	1
66	3298	1
66	3299	1
66	3300	1
66	24	1
66	2315	4
66	26	1
66	203	1
66	2719	1
66	206	1
66	449	8
66	208	1
66	2316	1
66	2155	1
66	2325	1
66	215	1
66	2226	1
66	218	1
66	1623	4
66	1997	5
66	1898	1
66	1943	1
66	1728	1
66	1181	1
66	3301	1
66	868	1
66	67	1
66	341	1
66	69	1
66	349	1
66	1781	1
66	3302	1
66	457	1
66	463	1
66	3303	1
66	2336	1
66	3304	1
67	2291	1
67	2368	1
67	3259	1
67	3305	1
67	3306	1
67	2381	1
67	2033	1
67	3307	1
67	1760	1
67	1515	1
67	981	1
67	3308	1
67	922	1
67	172	2
67	3309	2
67	2757	1
67	1594	1
67	1937	1
67	2201	1
67	3310	2
67	944	1
67	303	1
67	17	2
67	18	1
67	2455	1
67	3311	1
67	1973	1
67	2592	1
67	3312	1
67	29	3
67	3313	1
67	704	1
67	32	1
67	33	2
67	3314	1
67	3315	1
67	3316	1
67	1995	1
67	2732	1
67	3317	1
67	2433	1
67	3318	1
67	2838	1
67	3319	1
67	3320	1
67	220	1
67	3321	1
67	3322	1
67	2007	1
67	414	1
67	505	1
67	506	1
67	2851	2
67	2852	1
67	2853	2
67	65	2
67	341	3
67	69	1
67	1193	1
67	3323	1
67	997	1
67	998	2
67	3324	1
67	2447	2
67	1496	1
67	2242	1
68	1494	1
68	3065	1
68	3325	1
68	368	2
68	371	2
68	378	1
68	2147	1
68	3326	1
68	2285	1
68	2694	1
68	1525	4
68	2094	2
68	8	2
68	9	37
68	10	3
68	11	1
68	12	1
68	24	1
68	27	1
68	3327	2
68	3328	1
68	414	2
68	1997	1
68	3329	1
68	3330	1
68	2148	2
68	3331	2
68	68	1
68	457	1
68	3332	1
68	3333	1
68	78	1
68	3334	1
68	3335	1
68	2037	1
68	3203	1
68	3336	2
68	310	1
68	1937	1
68	2038	2
68	505	2
68	1006	1
68	526	1
68	527	1
68	3337	1
68	535	1
68	3338	2
68	2104	2
68	2105	1
68	944	1
68	946	2
68	2122	1
68	2125	3
68	3321	1
68	3339	3
68	1022	1
68	3340	29
68	3341	14
68	3342	7
68	3343	4
68	2142	13
68	2143	6
68	2144	2
68	2146	2
68	3344	4
68	1390	2
68	3345	2
68	3346	6
68	3347	2
68	3348	3
68	3349	2
68	3350	1
68	3351	5
68	1005	1
68	3352	3
68	602	1
68	274	1
68	3353	1
68	3354	2
68	3355	2
68	3356	1
68	3357	1
68	3358	1
68	3359	1
68	3360	2
68	3361	1
68	3362	1
68	3363	1
68	3364	1
68	3365	1
68	3366	1
68	3367	1
68	3368	1
68	3369	1
68	3370	1
68	3371	1
68	3372	1
68	3373	1
68	3374	1
68	3375	1
68	3376	1
68	3377	1
68	3378	1
68	3379	1
68	3380	1
68	3381	1
68	3382	1
68	3383	1
68	3384	1
68	2192	2
68	3385	1
68	3386	1
68	3387	1
68	3388	1
68	3389	1
68	3390	1
68	3391	1
68	3392	1
68	3393	1
68	3394	1
68	302	1
68	3395	1
68	3396	1
68	3397	1
68	3398	1
68	2184	3
68	3399	1
68	3400	1
68	3401	1
68	1051	1
68	1053	1
68	324	2
68	3402	1
68	373	1
69	328	1
69	2388	2
69	2280	1
69	926	1
69	1381	4
69	19	2
69	3403	1
69	3404	3
69	3405	2
69	3406	10
69	1888	7
69	3407	1
69	3408	1
69	3409	1
69	3410	1
69	3411	1
69	3412	2
69	3413	1
69	1533	4
69	3414	1
69	3415	1
69	3416	1
69	3417	1
69	3418	1
69	47	8
69	1898	1
69	504	2
69	505	2
69	2346	2
69	876	3
69	527	1
69	956	1
69	1050	1
69	3419	1
70	348	1
70	437	1
70	3420	1
70	3421	1
70	579	1
70	443	1
70	444	2
70	3422	1
70	581	1
70	3423	1
70	1520	1
70	446	2
70	583	1
70	3424	1
70	1991	1
70	3425	1
70	1992	1
70	3426	1
70	1993	1
70	3427	1
70	2005	1
70	2000	1
70	1990	1
70	2002	1
70	2865	1
70	2866	1
70	43	1
70	1557	2
70	3151	1
70	3428	1
70	3155	1
70	3156	1
70	3158	2
70	3160	1
70	3168	1
70	3171	1
70	3178	1
70	3183	1
70	3184	1
70	397	1
70	3429	1
70	3430	1
70	3431	1
70	3432	1
70	2185	1
70	3433	5
70	3434	2
70	1895	1
70	1846	1
70	3435	2
70	385	1
70	1067	1
70	1068	1
70	1069	1
70	1070	1
70	1071	2
70	1072	1
70	1379	1
70	386	1
70	388	1
70	389	2
70	390	1
70	1882	1
70	392	1
70	1884	1
70	394	1
70	395	1
70	396	1
70	3436	1
70	3437	1
70	3438	1
70	3439	1
70	3440	1
70	3441	1
70	1891	1
70	1925	1
70	3442	1
70	3443	1
70	3444	2
70	3445	1
70	3446	1
70	3447	1
70	3448	1
70	3449	1
70	3450	1
70	3451	1
70	3452	1
70	3453	1
70	3454	1
70	3455	1
70	3456	1
70	3457	1
70	3458	1
70	3459	1
70	3460	1
70	3461	1
70	3462	1
70	3463	1
70	3464	1
70	3465	1
70	3466	1
70	3467	1
70	3468	1
70	3469	1
70	3470	1
70	3471	1
70	3472	1
70	3473	1
70	3474	1
70	3475	1
70	3476	1
70	3477	1
70	3478	1
70	3479	1
70	3480	1
70	3481	1
70	3482	1
70	3483	1
70	3484	2
70	3485	1
70	3486	1
70	3487	1
70	3488	1
70	3489	1
70	3490	1
70	3491	1
70	3492	1
70	3493	1
70	3494	1
70	3495	1
70	3496	2
70	3497	1
70	3498	1
70	3499	1
70	3500	1
70	3501	1
70	3502	1
70	3503	1
70	3504	1
70	3505	1
70	3506	1
70	3507	1
70	3508	1
70	436	1
70	3509	1
70	438	2
70	3510	1
70	3511	1
70	3512	1
70	442	1
70	3513	1
70	3514	1
70	3515	1
70	3516	1
70	3517	1
70	3518	1
70	3519	1
70	3520	1
70	3521	1
70	3522	1
70	3523	1
70	3524	1
70	483	1
70	3525	1
70	3526	1
70	3527	1
70	3528	1
70	3529	1
70	3530	1
70	3531	1
70	3532	1
70	3533	1
70	3534	1
70	3535	1
70	3536	1
70	3537	1
70	3538	1
70	3539	1
70	3540	1
70	3541	2
70	3542	2
70	3543	1
70	3544	1
70	3545	1
70	3546	1
70	3547	1
70	3548	1
70	3549	1
70	3550	1
70	3551	1
70	3552	1
70	3553	1
70	3554	1
70	3555	1
70	3556	1
70	3557	1
70	3558	1
70	3559	1
70	3560	1
70	3561	1
70	3562	1
70	3563	1
70	3564	1
70	3565	1
70	3566	1
70	3567	1
70	3568	1
70	3569	1
70	3570	1
70	3571	1
70	3572	1
70	3573	1
70	3574	1
70	3575	2
70	3576	1
70	3577	1
70	3578	1
70	3579	1
70	3580	1
70	3581	1
70	3582	1
70	3583	1
70	3584	1
70	3585	1
70	3586	1
70	3587	1
70	3588	1
70	3589	1
70	3590	1
70	3591	1
70	3592	1
70	3593	1
70	3594	2
70	3595	1
70	3596	1
70	3597	1
70	3598	1
70	3599	1
70	3600	1
70	3601	1
70	3602	1
70	3603	1
70	3604	1
70	3605	1
70	3606	1
70	3607	1
70	3608	1
70	3609	1
70	3610	1
70	3611	1
70	3612	1
70	3613	1
70	3614	1
70	3615	1
70	3616	1
70	3617	1
70	3618	1
70	3619	1
70	3620	1
70	3621	1
70	3622	1
70	3623	1
70	3624	1
70	3625	1
70	3626	1
70	3627	1
70	3628	1
70	3629	1
70	3630	1
70	3631	1
70	3632	1
70	3633	1
70	3634	1
70	3635	1
70	3636	1
70	3637	1
70	3638	1
70	3639	1
70	3640	1
70	3641	1
70	3642	1
70	3643	1
70	3644	1
70	3645	1
70	3646	1
70	3647	1
70	3648	1
70	3649	1
70	3650	1
70	3651	1
70	2098	1
70	3652	1
70	3653	1
70	3654	1
70	3655	1
70	3656	1
70	3657	1
70	3658	1
70	3659	1
70	3660	1
70	3661	1
70	3662	1
70	3663	1
70	3664	1
70	3665	1
70	3666	1
70	3667	1
70	3668	1
70	3669	1
70	3670	1
70	3671	1
70	3672	1
70	3673	2
70	3674	1
70	3675	1
70	593	3
70	3676	1
70	3677	1
70	596	1
70	3678	2
70	3679	1
70	3680	1
70	3681	1
70	3682	1
70	3683	1
70	3684	1
70	3685	1
70	3686	1
70	3687	1
70	3688	1
70	3689	1
70	3690	1
70	3691	1
70	3692	1
70	3693	1
70	3694	1
70	3695	1
70	3696	1
70	3697	1
70	3698	1
70	3699	1
70	2128	1
70	2130	1
70	2134	1
70	2135	1
70	3700	1
70	2138	1
70	2139	1
70	3701	2
70	3702	1
70	3703	1
70	3704	1
70	2162	1
70	3705	1
70	3706	1
70	3707	2
70	607	1
70	3708	1
70	3709	1
70	3710	1
70	3711	1
70	3712	1
70	609	1
70	3713	1
70	3714	1
70	3715	1
70	3716	1
70	3717	1
70	3718	1
70	3719	1
70	3720	1
70	3721	1
70	3722	2
70	3723	2
70	1356	2
70	3724	1
70	403	1
70	655	1
70	656	1
70	658	1
70	599	2
70	404	1
70	726	1
70	732	1
70	734	1
70	736	2
70	746	1
70	747	1
70	748	1
70	749	1
70	755	1
70	758	1
70	759	1
70	763	1
70	764	1
70	765	1
70	767	1
70	768	1
70	769	1
70	791	1
70	792	1
70	794	1
70	807	1
70	808	1
70	810	1
70	817	1
70	824	1
70	842	1
70	843	2
70	848	2
70	859	1
70	391	1
70	393	1
70	1918	1
70	1885	1
70	398	1
70	399	1
70	400	1
70	401	1
70	402	1
70	3725	1
70	3726	1
70	405	1
70	406	1
70	407	1
70	408	1
70	409	2
70	411	1
70	1085	1
70	3727	1
70	2749	1
70	585	1
70	3728	1
70	2809	1
70	458	1
70	459	1
70	3729	1
70	1231	1
70	3730	2
70	1232	2
70	1233	1
70	1234	1
70	1237	1
70	1238	1
70	1239	1
70	2845	1
70	2846	1
70	2847	1
70	2878	1
70	2879	1
70	3731	1
70	448	1
70	3732	1
70	3733	1
70	454	1
70	3734	1
70	1446	1
71	1101	1
71	1836	1
71	3735	11
71	2263	2
71	1102	2
71	1924	3
71	2290	1
71	3736	1
71	2689	1
71	1117	2
71	900	1
71	7	1
71	16	1
71	17	1
71	21	2
71	24	4
71	25	1
71	1140	1
71	2887	1
71	35	1
71	1155	2
71	2329	10
71	1160	1
71	49	1
71	1541	35
71	1165	1
71	1543	2
71	1544	2
71	1547	3
71	57	1
71	1558	1
71	1166	2
71	3737	1
71	1562	1
71	75	1
71	79	1
71	1104	2
71	1575	1
71	73	3
71	3738	1
71	2894	2
71	489	2
71	3739	1
71	3740	1
71	1169	1
71	3741	2
71	501	1
71	502	4
71	505	1
71	506	1
71	509	14
71	862	1
71	2057	2
71	2061	1
71	871	1
71	2333	2
71	527	1
71	2573	1
71	537	1
71	893	3
71	549	1
71	3742	1
71	910	1
71	561	3
71	562	1
71	2909	1
71	3743	1
71	926	1
71	603	1
71	942	1
71	954	1
71	1353	2
71	959	4
71	967	9
71	2581	1
71	3744	3
71	976	89
71	978	6
71	980	20
71	3745	19
71	3746	2
71	1157	2
71	3747	2
71	3748	3
71	868	1
71	3749	2
71	2715	1
71	1394	1
71	2559	1
71	3750	2
71	3751	13
71	3752	2
71	3753	3
71	2574	2
71	3754	1
71	3755	1
71	3756	1
71	3757	1
71	3758	2
71	3759	13
71	3760	1
71	3761	1
71	3762	1
71	3763	1
71	3764	1
71	3765	1
71	3766	1
71	3767	1
71	3768	1
71	3769	1
71	3770	1
71	3771	1
71	3772	1
71	3773	2
71	3774	4
71	3775	1
71	3776	1
71	1174	4
71	3777	1
71	3778	1
71	3779	1
71	3780	2
71	3781	1
71	3782	1
71	3783	1
71	3784	1
71	3785	1
71	3786	1
71	3787	1
71	3788	1
71	3789	1
71	3790	1
71	3791	1
71	3792	1
71	3793	1
71	1419	1
71	3794	1
71	3795	1
71	3796	1
71	3797	1
71	3798	1
71	3799	1
71	3800	1
71	3801	1
71	3802	1
71	3803	1
71	3804	1
71	2592	1
71	1176	1
71	3014	1
71	1413	1
71	41	2
71	319	1
71	322	1
71	1898	2
71	330	1
71	2923	1
71	334	1
71	341	1
71	342	1
71	344	1
71	3805	1
71	1095	1
71	3051	1
71	2678	2
71	3806	4
71	3807	1
71	1935	1
71	2296	8
71	2334	2
72	72	1
72	1533	1
72	1200	1
72	3808	1
72	526	1
72	527	1
72	1849	1
72	17	1
72	3809	1
72	3810	1
72	3811	1
72	504	2
72	505	6
72	324	2
72	2283	1
72	26	1
73	1974	2
73	3812	1
73	3813	1
73	384	3
73	3814	3
73	3815	1
73	3816	1
73	3817	3
73	3818	1
73	3819	1
73	3820	1
73	3821	1
73	3822	1
73	3823	1
73	3824	1
73	3825	2
73	3826	1
73	3827	1
73	3828	1
73	3829	1
73	3830	1
73	3831	1
73	3832	1
73	3833	1
73	3834	1
73	3835	1
73	3836	1
73	3837	1
73	3838	2
73	3839	1
73	3840	1
73	3841	1
74	1834	1
74	898	49
74	899	1
74	347	1
74	1102	1
74	906	1
74	923	1
74	3505	2
74	571	3
74	1118	1
74	3539	1
74	1913	10
74	944	1
74	26	1
74	35	1
74	38	1
74	2130	1
74	1930	1
74	3842	2
74	600	1
74	3843	1
74	3844	1
74	3845	1
74	3846	1
74	3847	1
74	341	1
74	3848	1
74	3849	1
74	3850	1
74	354	1
75	3851	4
75	3852	7
75	1836	1
75	3853	2
75	2263	4
75	0	2
75	3854	3
75	3855	1
75	3856	2
75	3857	3
75	3858	7
75	3859	3
75	1513	1
75	3860	2
75	1515	14
75	3861	3
75	2280	1
75	3862	12
75	3863	2
75	1862	3
75	3864	1
75	3865	1
75	3866	1
75	3867	1
75	2	5
75	3868	1
75	3869	1
75	3870	1
75	1870	2
75	3871	1
75	1124	2
75	3872	19
75	3873	1
75	3874	1
75	3875	2
75	3876	7
75	3877	1
75	1131	15
75	3878	6
75	17	2
75	18	1
75	3879	2
75	3880	1
75	3881	1
75	3882	1
75	3883	4
75	24	1
75	25	5
75	3884	1
75	3885	1
75	3886	1
75	1143	2
75	1888	98
75	3887	2
75	2322	2
75	3888	1
75	3889	1
75	3890	1
75	3891	1
75	37	1
75	38	1
75	3892	1
75	3893	1
75	1533	5
75	3894	1
75	1898	1
75	3895	1
75	3896	1
75	3897	2
75	47	14
75	1940	1
75	3898	1
75	3899	1
75	3900	1
75	3901	1
75	3902	1
75	3903	2
75	3904	1
75	57	2
75	1552	2
75	3905	1
75	1900	1
75	1558	2
75	2346	3
75	2347	1
75	1569	3
75	3406	152
75	1579	1
75	74	1
75	3906	2
75	3735	2
75	3907	1
75	3908	6
75	3909	4
75	2285	2
75	3910	1
75	3911	2
75	3912	1
75	3913	1
75	2823	1
75	3914	1
75	1169	1
75	3411	6
75	492	4
75	503	1
75	504	2
75	505	9
75	506	2
75	509	1
75	3915	1
75	2058	1
75	2060	21
75	873	1
75	3246	5
75	878	6
75	532	1
75	3916	1
75	889	1
75	892	1
75	3917	1
75	547	1
75	3918	1
75	906	1
75	910	1
75	567	1
75	923	5
75	1672	1
75	3919	1
75	3764	1
75	944	7
75	946	4
75	1133	2
75	1353	1
75	3920	1
75	513	1
75	3921	6
75	339	2
75	3922	3
75	3747	4
75	3923	2
75	1390	1
75	3924	2
75	3925	8
75	3926	2
75	3927	2
75	2561	1
75	3928	1
75	3929	1
75	2571	1
75	3930	1
75	3931	1
75	3742	1
75	1938	1
75	2388	1
75	603	1
75	3932	1
75	604	2
75	3766	7
75	1979	1
75	1173	1
75	3933	1
75	3736	1
75	2292	1
75	3779	1
75	1407	8
75	527	1
75	3791	1
75	3805	3
75	3798	4
75	3934	3
75	3935	1
75	3936	1
75	327	10
75	3937	1
75	3938	1
75	3939	1
75	3940	1
75	3415	1
75	324	1
75	325	1
75	326	1
75	2052	1
75	3941	1
75	1930	1
75	1931	1
75	335	1
75	337	1
75	1087	2
75	344	1
75	345	1
75	3048	2
75	3942	5
75	1120	1
75	3943	2
75	3944	4
75	3945	14
75	3946	4
75	1506	1
75	3947	6
75	3948	2
75	1505	1
75	559	1
75	1507	5
76	3253	3
76	3949	1
76	3950	4
76	3259	9
76	2268	1
76	2288	1
76	3951	1
76	1669	15
76	2393	1
76	2502	4
76	2297	1
76	2037	3
76	2725	1
76	2758	2
76	1620	11
76	310	4
76	2455	3
76	3952	10
76	3953	3
76	3954	2
76	3955	2
76	3956	1
76	3957	1
76	3958	1
76	3959	1
76	3960	1
76	3961	1
76	3962	1
76	3963	1
76	3964	1
76	3965	1
76	3966	2
76	998	3
76	27	6
77	1100	5
77	1	3
77	3047	6
77	3967	1
77	981	1
77	3968	1
77	3969	1
77	3970	2
77	3971	1
77	3972	1
77	1102	8
77	2680	8
77	3973	1
77	908	5
77	867	1
77	1845	1
77	328	9
77	914	1
77	873	1
77	274	1
77	3974	1
77	1860	1
77	345	1
77	926	1
77	75	1
77	1415	4
77	2886	2
77	1381	1
77	487	1
77	936	4
77	2264	1
77	923	1
77	2514	2
77	1689	1
77	3919	6
77	489	2
77	17	1
77	18	1
77	587	1
77	595	2
77	2421	1
77	1931	1
77	25	4
77	3975	1
77	1395	1
77	3976	2
77	959	1
77	3977	1
77	2051	5
77	3891	1
77	3978	1
77	319	2
77	1533	2
77	42	2
77	324	1
77	2438	2
77	2057	1
77	2052	3
77	2581	7
77	1165	1
77	3060	3
77	504	1
77	55	2
77	1936	1
77	3979	1
77	339	3
77	974	1
77	1553	6
77	24	2
77	3846	9
77	3046	1
77	3980	2
77	74	2
77	1096	4
77	1565	1
77	3981	3
77	3982	2
77	3983	4
77	3984	8
77	3985	2
77	3986	5
77	1050	1
77	3987	1
77	3754	2
78	345	1
78	3988	1
78	1964	1
78	72	2
78	3989	1
78	1208	2
78	3990	1
78	3991	2
78	3992	1
78	3993	1
79	1101	1
79	3949	1
79	1838	1
79	2	2
79	347	5
79	3994	3
79	437	1
79	946	3
79	3321	1
79	1645	11
79	3995	1
79	3996	1
79	446	1
79	2286	1
79	3997	3
79	3998	1
79	3916	1
79	385	6
79	2299	2
79	2681	1
79	3999	1
79	1070	1
79	1071	1
79	4000	1
79	59	1
79	303	1
79	17	1
79	18	1
79	2308	1
79	2309	1
79	394	1
79	2315	6
79	2316	2
79	27	35
79	31	4
79	32	2
79	3190	2
79	2337	1
79	1918	1
79	2760	1
79	43	3
79	414	6
79	2752	2
79	2743	1
79	56	1
79	4001	1
79	4002	1
79	4003	1
79	2759	1
79	4004	1
79	3268	1
79	3728	2
79	64	1
79	4005	1
79	1557	1
79	4006	1
79	1954	1
79	4007	1
79	1958	1
79	1959	1
79	76	2
79	3965	1
79	459	1
79	461	1
79	70	1
79	468	1
79	469	1
79	4008	1
79	4009	2
79	2289	1
79	2471	1
79	2368	1
79	2750	1
79	1965	2
79	3509	1
79	4010	1
79	4011	1
79	4012	1
79	1972	1
79	2381	1
79	948	1
79	4013	2
79	1760	1
79	4014	2
79	1979	1
79	2451	4
79	793	1
79	3734	1
79	1668	1
79	2722	1
79	4015	5
79	4016	1
79	2397	2
79	2452	1
79	4017	1
79	4018	2
79	1907	2
79	4019	7
79	2015	1
79	4020	2
79	818	1
79	3910	1
79	3658	1
79	4021	2
79	2821	1
79	4022	5
79	3655	2
79	449	1
79	2454	2
79	1986	1
79	4023	4
79	2758	1
79	1620	1
79	1937	1
79	2435	3
79	451	1
79	4024	3
79	2441	3
79	3580	1
79	4025	1
79	853	1
79	504	1
79	505	2
79	506	1
79	4026	2
79	508	1
79	4027	2
79	4028	1
79	4029	1
79	4030	1
79	4031	1
79	4032	2
79	3235	8
79	4033	1
79	4034	1
79	4035	1
79	4036	1
79	4037	1
79	4038	1
79	4039	1
79	4040	3
79	4041	1
79	4042	1
79	4043	1
79	527	1
79	4044	1
79	4045	1
79	4046	3
79	4047	1
79	4048	1
79	4049	1
79	1640	4
79	4050	1
79	4051	1
79	4052	1
79	4053	1
79	4054	1
79	4055	1
79	4056	1
79	4057	1
79	4058	1
79	4059	1
79	4060	1
79	2470	134
79	547	1
79	4061	1
79	3259	1
79	4062	2
79	4063	1
79	4064	1
79	4065	1
79	4066	2
79	4067	1
79	4068	1
79	4069	1
79	4070	1
79	910	1
79	2484	3
79	4071	1
79	4072	1
79	4073	1
79	4074	1
79	4075	1
79	4076	1
79	4077	2
79	4078	1
79	4079	1
79	4080	1
79	4081	1
79	4082	2
79	4083	1
79	4084	1
79	4085	1
79	4086	1
79	4087	1
79	4088	1
79	4089	1
79	603	4
79	4090	1
79	4091	1
79	4092	1
79	3286	2
79	4093	1
79	1015	1
79	2511	1
79	3289	1
79	1806	3
79	4094	1
79	1688	4
79	4095	1
79	944	2
79	4096	1
79	4097	1
79	593	2
79	194	1
79	2521	6
79	4098	1
79	1697	1
79	4099	1
79	2456	1
79	4100	1
79	1967	1
79	2537	3
79	203	1
79	4101	1
79	4102	1
79	1915	5
79	4103	1
79	4104	1
79	4105	1
79	4106	1
79	4107	1
79	4108	3
79	4109	1
79	3317	1
79	4110	1
79	4111	1
79	4112	1
79	4113	1
79	4114	1
79	974	1
79	1594	15
79	1946	1
79	4115	1
79	1727	3
79	1728	2
79	599	1
79	4116	1
79	1378	3
79	1736	1
79	4117	1
79	4118	1
79	1741	1
79	1780	1
79	395	1
79	2252	1
79	1747	1
79	1748	1
79	2156	1
79	26	6
79	646	2
79	2298	1
79	998	2
79	2565	1
79	4119	1
79	117	1
79	4120	1
79	4121	1
79	4122	1
79	2444	1
79	1769	1
79	4123	1
79	4124	1
79	1592	4
79	452	1
79	1642	1
79	4125	1
79	1775	9
79	4126	1
79	4127	1
79	4128	1
79	274	1
79	3778	1
79	1788	9
79	4129	1
79	281	3
79	4130	3
79	4131	2
79	1831	1
79	2192	1
79	2463	1
79	4132	1
79	4133	1
79	1816	5
79	312	1
79	1826	10
79	4134	1
79	2226	2
79	324	3
79	2512	1
79	4135	1
79	4136	1
79	4137	1
79	335	1
79	1085	1
79	4138	1
79	2185	1
79	2258	5
79	620	1
79	1199	1
79	2317	2
79	4139	1
79	4140	1
79	1936	1
79	3662	1
80	2584	1
80	2586	2
80	2591	2
80	1103	1
80	1106	1
80	2280	1
80	3864	1
80	3866	1
80	4141	1
80	3915	1
80	18	1
80	21	1
80	25	1
80	4142	1
80	35	2
80	4143	2
80	4144	1
80	56	1
80	4145	1
80	4146	1
80	1208	1
80	1203	1
80	4147	1
80	4148	1
80	4149	1
80	4150	1
80	4151	2
80	4152	1
80	1224	1
80	4153	1
80	3740	1
80	2607	4
80	502	1
80	503	1
80	504	2
80	505	2
80	4154	1
80	513	1
80	516	1
80	4155	1
80	519	1
80	871	1
80	522	1
80	526	1
80	536	2
80	893	1
80	901	1
80	4156	1
80	910	1
80	916	1
80	4157	1
80	2388	1
80	923	1
80	925	1
80	1321	1
80	330	1
80	1331	1
80	1339	5
80	1350	2
80	2116	3
80	4158	2
80	4159	3
80	4160	1
80	4161	3
80	4162	2
80	4163	4
80	4164	2
80	4165	5
80	1390	1
80	4166	3
80	4167	2
80	4168	3
80	4169	4
80	4170	11
80	4171	3
80	4172	2
80	4173	3
80	4174	4
80	4175	3
80	2602	38
80	4176	2
80	2603	2
80	4177	2
80	4178	2
80	4179	2
80	3736	1
80	4180	1
80	4181	2
80	4182	1
80	4183	1
80	4184	2
80	4185	4
80	4186	2
80	4187	3
80	2608	4
80	4188	4
80	4189	1
80	4190	7
80	4191	3
80	4192	2
80	2609	6
80	4193	4
80	4194	1
80	4195	1
80	4196	3
80	4197	1
80	4198	1
80	4199	1
80	4200	1
80	4201	1
80	4202	1
80	4203	1
80	2611	5
80	4204	1
80	4205	1
80	4206	1
80	4207	1
80	4208	1
80	4209	1
80	2613	2
80	4210	2
80	4211	26
80	2614	4
80	2615	1
80	4212	2
80	4213	1
80	4214	1
80	4215	1
80	4216	1
80	4217	1
80	4218	1
80	4219	1
80	2622	5
80	4220	1
80	4221	3
80	4222	2
80	4223	2
80	2594	1
80	4224	1
80	4225	1
80	4226	1
80	4227	1
80	4228	2
80	324	1
80	4229	1
80	2597	1
80	4230	1
80	4231	1
80	4232	1
80	4233	1
80	4234	1
80	2637	2
80	4235	1
80	4236	6
80	4237	1
80	4238	1
80	2642	9
80	2643	11
80	4239	1
80	4240	1
80	2646	1
80	4241	1
80	2661	1
80	2662	1
80	2664	2
80	2666	1
80	4242	1
81	4085	2
81	4243	1
81	4244	1
81	4245	1
81	4246	3
81	4247	1
81	249	1
81	4114	1
81	2297	1
81	1638	1
81	1786	5
82	9	1
82	2109	1
82	3367	1
82	4248	3
82	1522	1
82	2106	4
82	4249	1
82	78	2
82	2094	4
82	4017	2
82	3400	1
82	3330	8
82	1051	1
82	2112	1
82	4112	1
82	4250	1
82	2046	1
82	2244	1
82	2249	3
82	3343	1
82	4251	1
82	4252	1
82	4253	1
82	4254	1
82	4255	1
82	4256	1
82	4257	1
82	4258	2
82	4259	1
82	4260	1
82	4261	1
82	4262	1
83	1769	1
83	1594	2
83	4263	2
83	4264	1
83	4265	2
83	4266	3
83	4267	1
83	4268	2
83	4269	1
83	4270	1
83	4271	1
83	4272	1
83	4273	1
83	4274	1
83	4275	1
83	4276	1
83	4277	1
83	4278	1
83	1977	1
83	2451	2
83	1788	7
83	4279	1
83	2429	3
83	2477	1
83	31	1
83	2376	1
83	1826	5
83	4280	1
83	2437	1
83	1728	2
83	4281	1
83	4282	1
83	4283	3
83	1486	1
83	995	2
83	1638	1
83	1640	1
83	2294	8
83	4054	1
83	1641	1
84	3255	1
84	4284	6
84	4285	2
84	4286	2
84	4287	5
84	4288	4
84	4289	1
84	4290	1
84	4291	1
84	4292	1
84	2453	5
84	4293	1
84	292	1
84	2201	2
84	28	1
84	2454	1
84	4294	1
84	1620	1
84	1937	1
84	1715	2
84	2748	1
84	1630	1
84	4295	1
84	1987	1
84	2354	1
84	1501	1
84	2447	1
84	4296	1
85	1491	1
85	1493	1
85	3949	6
85	3065	1
85	1497	1
85	2240	2
85	27	10
85	28	1
85	29	1
85	4294	1
85	2337	4
85	3271	1
85	65	1
85	68	1
85	69	1
85	70	2
85	76	1
85	4297	1
85	3333	1
85	3263	1
85	4298	1
85	4299	2
85	4300	1
85	1760	2
85	1612	2
85	1615	1
85	4301	11
85	4016	1
85	2010	1
85	449	2
85	2454	1
85	1986	1
85	2757	1
85	1620	8
85	310	1
85	1937	1
85	451	2
85	4302	1
85	4303	1
85	4304	3
85	4305	1
85	4306	1
85	2386	1
85	4307	3
85	1987	1
85	1636	3
85	2842	1
85	1638	1
85	1640	2
85	4308	1
85	4309	2
85	4310	1
85	3259	1
85	1654	1
85	1655	1
85	1656	2
85	1657	1
85	1658	2
85	1664	1
85	270	9
85	1668	1
85	2816	1
85	1672	1
85	171	1
85	172	1
85	174	1
85	175	1
85	176	1
85	177	1
85	178	1
85	179	1
85	180	1
85	182	1
85	185	1
85	187	1
85	3293	1
85	192	1
85	194	1
85	195	1
85	4311	1
85	2851	1
85	4312	1
85	203	1
85	3316	1
85	3310	1
85	3324	1
85	3318	4
85	218	1
85	3323	1
85	3321	2
85	1721	2
85	1722	1
85	1725	1
85	1726	1
85	1730	1
85	1731	1
85	1733	1
85	1743	1
85	1750	1
85	1763	1
85	1764	1
85	1765	1
85	1766	1
85	1829	1
85	3950	1
85	4313	1
85	4125	1
85	1778	1
85	4314	1
85	1989	1
85	274	2
85	276	1
85	1790	1
85	280	1
85	279	1
85	3382	1
85	3384	1
85	1832	1
85	1797	1
85	3392	1
85	3393	1
85	3394	1
85	3350	1
85	3395	2
85	3396	1
85	306	1
85	309	2
85	1591	1
85	4315	1
85	4316	1
85	4317	1
85	4318	2
85	4319	1
85	4320	1
85	4321	2
85	4322	1
85	3385	1
85	351	1
85	4323	1
85	4324	1
85	4325	1
85	303	2
85	2001	1
85	460	1
85	2242	2
85	1629	1
85	1967	1
85	3279	1
85	1969	1
85	981	2
85	982	1
85	2815	1
85	1981	2
85	1982	1
85	1988	1
85	1983	1
85	1984	1
85	1985	1
85	2006	3
85	2453	3
85	2383	1
85	4326	2
85	2015	3
85	2019	1
85	2028	1
85	2037	1
85	2032	1
85	2033	1
85	2007	3
85	2034	1
85	2035	1
85	2036	1
85	3283	1
85	594	2
85	4327	1
85	2201	1
85	2204	1
85	2209	1
85	2210	1
85	2239	1
85	2251	1
85	2751	1
85	4328	1
85	4329	1
85	4330	1
85	4331	1
85	2288	1
85	2270	1
85	2272	1
85	4332	1
85	2298	1
85	2299	1
85	3309	1
85	4333	1
85	2338	1
85	2339	1
85	4334	2
85	2341	1
85	2750	1
85	4335	1
85	3955	2
85	2385	1
85	2355	1
85	2359	1
85	2360	1
85	4336	1
85	2366	1
85	2369	1
85	2370	1
85	2371	1
85	2372	1
85	2373	1
85	2376	1
85	2379	1
85	2381	1
85	2382	1
85	4337	2
85	4338	1
85	4339	2
85	2394	1
85	2395	1
85	2396	1
85	4340	1
85	3296	1
85	4341	3
85	4342	2
85	4343	2
85	3308	1
85	4344	1
85	4345	1
85	2433	2
85	4346	1
85	2440	1
85	2441	1
85	1622	8
85	4347	2
85	4348	1
85	4041	1
85	3337	1
85	2478	1
85	2487	2
85	4084	1
85	4087	1
85	4088	2
85	2504	1
85	2513	1
85	2519	2
85	2532	1
85	4106	1
85	4349	2
85	4114	1
85	2853	1
85	1499	1
85	4350	2
85	991	1
85	992	1
85	994	3
85	998	2
85	1002	1
85	1017	1
85	1031	8
85	4244	1
85	4351	1
85	4269	1
85	4352	1
85	4295	1
85	4353	3
85	1980	1
85	4354	4
85	4355	2
85	4356	3
85	4357	4
85	4358	3
85	4359	2
85	4360	3
85	4361	2
85	2739	1
85	3267	1
85	4362	1
85	1185	1
85	4363	1
85	1187	1
85	1189	1
85	2762	1
85	2766	2
85	2767	1
85	2769	1
85	2810	1
85	4364	3
85	4365	2
85	2819	2
85	3276	1
85	2831	1
85	2833	2
85	4366	1
85	1676	1
85	4367	1
85	4368	1
85	2839	1
85	4369	1
85	4370	1
85	4371	2
85	2843	1
85	4372	1
85	4373	1
85	4374	1
85	4375	1
85	4376	1
85	4377	1
85	4378	1
85	4379	1
85	4380	1
85	4381	1
85	4382	1
85	4383	1
85	4384	1
85	4385	1
85	4386	1
85	4387	1
85	4388	1
85	4389	1
85	4390	1
85	4391	2
85	4392	1
85	4393	1
85	4394	1
85	4395	1
85	4396	1
85	4397	1
85	4398	1
85	4399	1
85	4400	1
85	4401	1
85	4402	1
85	4403	1
85	4404	1
85	4405	1
85	4406	1
85	4407	1
85	4408	1
85	4409	1
85	4410	1
85	4411	1
85	4412	1
85	4413	1
85	4414	1
85	4415	1
85	4416	1
85	4417	1
85	4418	2
85	4419	1
85	4420	1
85	4421	1
85	4422	1
85	4423	1
85	4424	1
85	4425	1
85	4426	1
85	4427	4
85	4428	1
85	4429	1
85	4430	1
85	4431	1
85	4432	1
85	4433	1
85	4434	1
85	4435	1
85	4436	2
85	4437	1
85	4438	1
85	4439	1
85	4440	1
85	4441	1
85	4442	1
85	4443	1
85	4444	1
85	4445	1
85	4446	1
85	4447	1
85	4448	1
85	4449	1
85	4450	1
85	4451	1
85	4452	1
85	4453	1
85	4454	1
85	4455	1
85	4456	1
85	4457	1
85	4458	1
85	4459	1
85	4460	1
85	4461	1
85	4462	1
85	4463	1
85	4464	1
85	4465	1
85	4466	1
85	4467	1
85	4468	1
85	4469	1
85	4470	1
85	4471	1
85	4472	1
85	4473	1
85	4474	1
85	4475	1
85	4476	1
85	4477	1
85	4478	1
85	4479	1
85	4480	1
85	4481	1
85	4482	1
85	4483	1
85	4484	1
85	4485	1
85	4486	1
85	4487	2
85	4488	1
85	4489	1
85	4490	1
85	4491	3
85	4492	1
85	4493	1
85	4494	1
85	4495	1
85	4496	1
85	4497	1
85	4498	1
85	4499	1
85	4500	2
85	4501	1
85	4502	1
85	4503	1
85	4504	1
85	4505	1
85	4506	1
85	4507	1
85	4508	2
85	4509	1
85	4510	1
85	4511	1
85	4512	2
85	4513	1
85	4514	1
85	4515	1
85	4516	2
85	4517	1
85	4518	1
85	4519	1
85	4520	1
85	4521	1
85	4522	1
85	4523	1
85	4524	1
85	4525	1
85	4526	1
85	4527	1
85	4528	1
85	4529	1
85	4530	1
85	4531	1
85	202	1
85	4532	1
85	4533	1
85	4534	3
85	4535	1
85	4536	1
85	4537	1
85	4538	1
85	4539	1
85	4540	2
85	4541	1
85	4542	1
85	4543	1
85	4544	1
85	4545	1
85	4546	1
85	4547	1
85	4548	1
85	4549	1
85	4550	1
85	4551	1
85	4552	1
85	4553	1
85	4554	1
85	4555	1
85	4556	1
85	4557	1
85	4558	1
85	4559	1
85	4560	1
85	4561	1
85	4562	1
85	4563	1
85	4564	1
85	4565	1
85	4566	1
85	4567	1
85	4568	1
85	4569	1
85	4570	1
85	4571	1
85	4572	1
85	4573	1
85	4574	1
85	4575	1
85	4576	1
85	4577	1
85	4578	1
85	4579	1
85	4580	1
85	4581	1
85	4582	1
85	4583	2
85	4584	1
85	4585	1
85	4586	1
85	4587	1
85	4588	1
85	4589	2
85	4590	1
85	4591	1
85	4592	1
85	4593	1
85	4594	1
85	4595	1
85	4596	1
85	4597	1
85	4598	1
85	4599	1
85	4600	1
85	4601	1
85	4602	1
85	4603	1
85	4604	1
85	4605	1
85	4606	1
85	4607	1
85	4608	1
85	4609	1
85	4610	1
85	4611	1
85	4612	1
85	4613	1
85	4614	1
85	4615	2
85	4616	1
85	4617	1
85	4618	1
85	4619	1
85	4620	2
85	4621	3
85	4622	1
85	4623	1
85	4624	1
85	4625	1
85	220	1
86	4626	1
86	4627	1
86	4628	1
86	4629	1
86	4630	1
86	4631	1
86	4632	1
86	4633	1
86	4634	1
86	4635	1
86	4636	1
86	4637	1
86	4638	1
86	4639	1
86	4640	2
86	4641	1
86	4642	1
86	4643	1
86	4644	2
86	4645	1
86	1851	2
86	4646	1
86	4647	1
86	4648	1
86	4649	1
86	4650	1
86	4651	1
86	4652	1
86	4653	1
86	4654	1
86	4655	1
86	4656	1
86	4657	1
86	4658	1
86	4659	1
86	4660	1
86	4661	1
86	4662	1
86	4663	1
86	6	1
86	4664	1
86	4665	1
86	4666	1
86	4667	1
86	1873	1
86	4668	1
86	4669	2
86	1876	1
86	4670	1
86	4671	1
86	4672	1
86	4673	1
86	1906	1
86	4674	3
86	4675	1
86	4676	1
86	4677	1
86	4678	1
86	4679	1
86	4680	1
86	4681	2
86	553	1
86	4682	1
86	4683	1
86	1887	1
86	4684	1
86	4685	1
86	4686	1
86	4687	1
86	34	1
86	4688	1
86	4689	1
86	37	2
86	4690	1
86	1896	1
86	1897	1
86	41	1
86	2328	1
86	2329	2
86	4691	1
86	4692	1
86	48	1
86	1163	1
86	4693	1
86	2346	1
86	1529	2
86	1569	1
86	1863	1
86	536	1
86	4694	1
86	4695	1
86	3012	1
86	1836	1
86	1845	1
86	312	3
86	2280	1
86	1107	1
86	2269	1
86	487	1
86	4696	2
86	2384	1
86	923	1
86	4697	3
86	2412	1
86	587	1
86	3913	1
86	2422	1
86	1050	1
86	2825	1
86	1169	2
86	1582	1
86	2694	1
86	493	1
86	2054	1
86	4698	1
86	863	1
86	868	1
86	518	1
86	871	1
86	521	1
86	4699	1
86	878	1
86	2921	1
86	881	1
86	1275	2
86	4700	1
86	3871	4
86	4701	3
86	894	1
86	4702	1
86	900	1
86	901	1
86	903	1
86	904	1
86	905	1
86	906	1
86	3758	1
86	908	1
86	558	1
86	910	1
86	4703	2
86	4704	1
86	4705	3
86	919	1
86	920	1
86	4706	1
86	922	1
86	4707	6
86	926	2
86	1129	1
86	2296	1
86	930	3
86	4708	1
86	2915	1
86	3872	1
86	595	1
86	4709	1
86	951	1
86	1914	2
86	1134	1
86	1400	1
86	949	1
86	2680	2
86	2601	1
86	1930	1
86	25	1
86	4710	1
86	1395	1
86	4711	1
86	3755	1
86	4712	1
86	893	2
86	345	3
86	603	1
86	604	1
86	4713	1
86	4714	1
86	4715	1
86	4716	1
86	4717	1
86	2292	1
86	1404	1
86	1408	1
86	4718	4
86	52	1
86	1151	2
86	4719	1
86	4207	1
86	3809	1
86	1143	1
86	4720	1
86	1176	2
86	2544	2
86	2686	1
86	4721	1
86	3415	1
86	4722	1
86	1929	1
86	4723	2
86	584	1
86	4724	2
86	4725	1
86	4726	1
86	4727	1
86	4728	1
86	4729	2
86	4730	2
86	4731	1
86	4732	1
86	3047	1
86	4733	1
86	4734	3
86	2678	1
86	3945	1
86	3056	1
86	3058	1
86	4735	1
86	4736	1
86	4737	1
86	4738	1
86	4739	1
87	0	1
87	1	3
87	2263	2
87	1102	2
87	2717	1
87	1377	1
87	1877	1
87	4357	1
87	26	2
87	27	2
87	29	2
87	33	1
87	4294	2
87	1533	1
87	45	1
87	4740	2
87	4741	2
87	4742	4
87	1547	1
87	4743	1
87	4744	1
87	4745	2
87	4746	1
87	4747	1
87	4748	1
87	4749	1
87	4750	1
87	4751	1
87	4752	1
87	4753	1
87	4754	1
87	4755	1
87	4756	1
87	76	1
87	4757	1
87	4758	1
87	4759	1
87	4760	1
87	4761	1
87	4762	1
87	4763	1
87	4764	1
87	4765	1
87	4766	1
87	4767	1
87	4768	1
87	4769	1
87	4770	1
87	4771	1
87	4772	1
87	4773	2
87	4774	1
87	4775	1
87	72	2
87	4776	1
87	4777	1
87	4778	1
87	1972	2
87	4779	1
87	2006	2
87	2817	1
87	2384	1
87	2819	1
87	2016	1
87	4780	1
87	2001	1
87	587	1
87	4781	2
87	4782	1
87	4783	1
87	4784	1
87	2432	2
87	4785	1
87	1169	1
87	2830	1
87	2758	2
87	4786	1
87	4376	1
87	3352	1
87	4787	1
87	4044	1
87	4788	1
87	888	1
87	890	1
87	4310	1
87	901	1
87	4789	1
87	4436	1
87	4084	1
87	926	1
87	1676	2
87	4451	1
87	4790	1
87	941	1
87	594	2
87	3315	1
87	3320	1
87	2125	1
87	1722	1
87	1732	1
87	1378	1
87	2853	1
87	4791	1
87	1390	1
87	3752	1
87	4792	1
87	4793	1
87	2181	1
87	1777	1
87	4314	1
87	4794	1
87	4586	1
87	4598	1
87	2619	1
87	312	1
87	4795	1
87	4318	2
87	3947	1
87	4331	1
88	4796	1
88	0	2
88	1	4
88	2263	3
88	4797	1
88	1102	1
88	1900	1
88	2270	1
88	4018	1
88	2470	1
88	371	3
88	2279	1
88	2280	1
88	4798	1
88	55	1
88	4655	1
88	4	1
88	2694	1
88	56	1
88	3867	1
88	2	4
88	1868	1
88	7	1
88	3916	1
88	1123	1
88	1594	1
88	4799	1
88	2140	1
88	1877	2
88	4800	1
88	17	3
88	2141	1
88	1134	1
88	4801	1
88	4802	1
88	24	3
88	25	1
88	26	7
88	27	10
88	28	1
88	29	2
88	3910	3
88	35	1
88	36	2
88	1897	1
88	42	1
88	45	3
88	4803	1
88	4804	1
88	2403	1
88	1547	1
88	2248	1
88	4805	1
88	1525	1
88	63	1
88	4806	1
88	65	1
88	66	1
88	67	1
88	4786	1
88	72	2
88	2346	1
88	2347	1
88	1208	1
88	76	2
88	78	4
88	1104	2
88	1570	1
88	4807	1
88	4767	1
88	2038	1
88	4775	1
88	4808	1
88	1605	1
88	4778	1
88	3969	1
88	1972	1
88	4809	1
88	4810	1
88	4811	1
88	4812	1
88	4813	1
88	4814	1
88	4815	1
88	4816	1
88	4817	1
88	4818	1
88	4819	1
88	4820	2
88	4821	1
88	4822	1
88	4823	1
88	4824	1
88	4825	1
88	4826	1
88	4827	1
88	4828	1
88	4829	1
88	4830	1
88	489	1
88	4831	2
88	4832	1
88	4833	1
88	4834	1
88	4835	1
88	4781	2
88	4782	1
88	4783	1
88	4836	1
88	1182	1
88	4837	1
88	4838	1
88	4839	1
88	4840	1
88	4841	1
88	4842	1
88	4843	1
88	1169	1
88	2830	1
88	2758	1
88	4844	1
88	4845	1
88	310	1
88	4846	1
88	4847	1
88	4848	1
88	4849	1
88	4850	1
88	4851	1
88	4852	1
88	4853	1
88	3866	1
88	4854	1
88	4855	1
88	501	1
88	502	1
88	503	1
88	504	1
88	505	4
88	506	1
88	2849	5
88	3352	2
88	4856	1
88	510	8
88	4857	1
88	4858	1
88	513	1
88	2169	1
88	4859	1
88	4860	1
88	4861	1
88	518	1
88	4862	1
88	4863	1
88	4864	1
88	522	1
88	4865	1
88	524	1
88	4866	1
88	526	1
88	527	1
88	4044	1
88	4867	1
88	2168	1
88	536	1
88	4310	1
88	4418	1
88	898	1
88	4868	1
88	901	1
88	904	1
88	4869	1
88	1602	1
88	8	1
88	2177	1
88	1248	1
88	2102	1
88	4870	1
88	923	1
88	925	1
88	926	1
88	3342	1
88	1676	1
88	4871	1
88	2504	2
88	507	1
88	4872	1
88	508	1
88	1688	1
88	943	1
88	944	1
88	594	1
88	2055	1
88	964	1
88	4873	1
88	2122	1
88	2124	1
88	2125	1
88	973	1
88	4496	1
88	3339	1
88	4874	1
88	4875	1
88	4876	1
88	3340	2
88	4877	1
88	2041	1
88	2094	2
88	1732	1
88	2517	1
88	4878	1
88	4879	1
88	2853	8
88	4791	1
88	1911	1
88	2601	1
88	2153	1
88	587	1
88	4880	1
88	3351	1
88	2164	1
88	2165	1
88	3366	1
88	1006	1
88	4881	1
88	4882	1
88	4788	1
88	4883	1
88	2175	1
88	3742	1
88	1938	1
88	4884	1
88	2181	1
88	12	1
88	3356	1
88	4314	2
88	3365	1
88	3343	1
88	3367	1
88	3369	1
88	3781	1
88	1616	2
88	2176	1
88	3377	1
88	3378	1
88	1419	1
88	4885	1
88	3391	1
88	4160	1
88	3376	1
88	3328	2
88	4598	1
88	4600	1
88	1441	1
88	2592	1
88	1051	2
88	1176	1
88	312	1
88	4611	1
88	4886	1
88	3414	2
88	2052	1
88	4887	1
88	4795	1
88	330	1
88	2250	1
88	4888	1
88	3844	1
88	4889	1
88	2285	1
88	2192	1
88	4890	1
88	4891	1
88	4257	3
88	4261	1
88	4892	1
88	3401	1
89	4893	1
89	4894	1
89	4895	1
89	4896	2
89	4897	3
89	4898	1
89	4899	1
89	4900	1
89	4901	1
89	4902	1
89	4903	1
89	4904	1
89	4905	1
89	2273	1
89	596	1
89	1230	1
89	4773	1
89	72	1
89	4906	3
89	4907	3
89	4908	3
89	4909	2
89	4910	1
89	4911	1
89	4912	1
89	4913	1
89	4914	1
89	4915	1
89	4916	1
90	4917	1
90	2263	3
90	4918	2
90	2589	24
90	2680	1
90	1200	1
90	4919	2
90	4920	3
90	4	1
90	4162	1
90	1117	1
90	3871	4
90	2071	1
90	1877	1
90	16	4
90	17	6
90	18	7
90	903	1
90	1136	1
90	586	3
90	24	8
90	25	11
90	26	7
90	27	6
90	553	1
90	602	2
90	3102	1
90	34	4
90	4717	1
90	3894	1
90	3941	1
90	3895	1
90	1538	1
90	2078	1
90	51	4
90	3902	1
90	58	4
90	4921	4
90	64	1
90	1089	1
90	70	1
90	4922	1
90	73	1
90	2798	5
90	2799	6
90	4923	3
90	3860	1
90	4792	1
90	4297	1
90	4924	1
90	3263	1
90	1602	1
90	2368	1
90	2775	2
90	2777	2
90	4925	1
90	2779	1
90	2780	1
90	2783	1
90	1979	17
90	2794	2
90	3308	1
90	2034	1
90	4926	2
90	4927	1
90	922	3
90	923	4
90	489	3
90	3739	1
90	1620	2
90	1230	1
90	2896	1
90	2454	2
90	1169	3
90	4345	1
90	4726	1
90	1937	1
90	491	6
90	4928	2
90	504	5
90	505	6
90	508	3
90	4929	1
90	2060	1
90	2050	1
90	519	7
90	4041	1
90	526	4
90	4930	1
90	4931	9
90	1275	2
90	2083	1
90	890	6
90	891	1
90	2093	1
90	2772	1
90	3255	1
90	2470	1
90	898	2
90	548	1
90	900	1
90	901	4
90	2073	1
90	2074	1
90	905	1
90	906	1
90	907	1
90	4932	4
90	2908	1
90	4933	2
90	1296	1
90	2910	9
90	4934	2
90	2598	1
90	920	1
90	921	1
90	919	4
90	4935	2
90	924	1
90	925	1
90	926	1
90	927	3
90	2504	1
90	934	1
90	935	1
90	4872	5
90	1898	3
90	943	3
90	944	3
90	4936	1
90	4937	1
90	4938	1
90	4939	2
90	4940	1
90	4941	1
90	4942	1
90	4943	1
90	4944	1
90	4945	1
90	4946	1
90	4947	1
90	4948	2
90	4949	1
90	4950	1
90	4951	1
90	4952	1
90	4953	1
90	4954	1
90	4955	2
90	4956	3
90	4957	3
90	4958	3
90	4959	4
90	4960	3
90	4961	4
90	4962	4
90	4963	3
90	4964	3
90	4965	4
90	4966	2
90	4967	2
90	4968	4
90	4969	1
90	4970	4
90	4971	3
90	4972	1
90	4973	1
90	4974	2
90	4975	1
90	4976	1
90	4977	1
90	4978	2
90	4979	1
90	4980	5
90	4981	3
90	4982	5
90	4983	5
90	1390	6
90	4984	2
90	2601	2
90	4985	1
90	2924	1
90	4986	2
90	4987	2
90	4988	2
90	4989	1
90	4990	2
90	4991	1
90	4992	4
90	4993	1
90	4994	1
90	4995	1
90	4996	1
90	956	1
90	4997	1
90	4998	1
90	4999	1
90	5000	1
90	5001	1
90	957	3
90	5002	1
90	5003	3
90	5004	2
90	5005	1
90	5006	1
90	958	1
90	5007	1
90	5008	1
90	5009	2
90	5010	1
90	603	9
90	5011	2
90	5012	3
90	5013	2
90	5014	1
90	4713	1
90	4714	7
90	4715	2
90	4716	4
90	4566	1
90	1029	1
90	1353	4
90	2987	1
90	1419	1
90	2992	1
90	2619	1
90	312	7
90	324	1
90	2633	6
90	2634	1
90	584	1
90	4702	1
90	4725	1
90	4235	7
90	4727	1
90	4728	1
90	330	2
90	3038	9
90	335	20
90	341	4
90	342	1
90	5015	1
90	1936	4
90	893	1
91	5016	1
91	5017	8
91	5018	2
91	5019	8
91	5020	2
91	5021	2
91	5022	3
91	5023	8
91	5024	1
91	5025	1
91	5026	1
91	5027	1
91	5028	1
91	5029	1
91	5030	1
91	384	4
91	2195	1
91	5031	1
91	4017	2
91	5032	1
91	5033	1
91	5034	1
91	5035	1
91	5036	1
91	5037	1
91	5038	1
91	5039	1
91	5040	1
91	5041	1
91	5042	1
91	5043	1
91	5044	1
91	5045	1
91	5046	1
91	426	1
91	5047	1
91	5048	1
92	5049	2
92	5050	1
92	63	1
92	5051	1
92	5052	1
92	2536	1
92	5053	1
92	1909	1
92	3957	1
92	1620	1
92	5054	1
92	5055	1
92	5056	1
92	43	3
92	26	3
92	4012	2
92	3208	1
92	353	1
92	5057	1
92	5058	2
92	5059	2
93	5060	1
93	5061	1
93	1	2
93	1836	3
93	5062	1
93	3735	1
93	5063	1
93	5064	1
93	5065	1
93	5066	1
93	5067	1
93	5068	2
93	5069	1
93	5070	3
93	1508	3
93	579	2
93	5071	1
93	5072	1
93	5073	1
93	1513	1
93	1515	5
93	5074	1
93	3861	1
93	2280	1
93	4695	4
93	1860	1
93	1111	2
93	5075	1
93	2694	1
93	1866	4
93	3915	1
93	1120	4
93	1127	13
93	3875	2
93	3877	7
93	17	1
93	18	1
93	1841	1
93	1136	1
93	23	4
93	24	2
93	26	23
93	1144	2
93	34	1
93	35	3
93	3891	1
93	3893	10
93	1898	1
93	1200	2
93	1589	10
93	47	2
93	3905	10
93	3898	2
93	5076	1
93	55	3
93	5077	1
93	5078	1
93	5079	5
93	1552	16
93	1901	1
93	72	2
93	1149	5
93	74	2
93	2348	2
93	456	2
93	1203	1
93	5080	1
93	5081	2
93	441	1
93	2331	1
93	1506	1
93	1381	1
93	5082	1
93	3909	1
93	2285	5
93	587	1
93	4806	1
93	3975	1
93	1909	3
93	3419	1
93	3416	1
93	504	5
93	505	7
93	5083	5
93	3944	1
93	517	1
93	518	1
93	519	1
93	522	2
93	874	1
93	527	1
93	528	1
93	884	1
93	540	1
93	893	6
93	903	1
93	5084	2
93	567	2
93	923	4
93	924	1
93	5085	1
93	926	3
93	506	1
93	936	1
93	5086	1
93	5087	1
93	944	1
93	5088	1
93	3766	1
93	1157	1
93	1390	3
93	2601	1
93	3927	5
93	2561	2
93	3929	3
93	4883	1
93	1585	2
93	1172	1
93	3762	1
93	1353	1
93	604	1
93	1536	16
93	1402	8
93	2292	1
93	878	1
93	1415	1
93	3791	2
93	3792	4
93	3805	2
93	1036	2
93	1041	9
93	1046	2
93	5089	7
93	873	1
93	317	1
93	5090	5
93	5091	8
93	321	2
93	324	2
93	5092	8
93	891	1
93	5093	8
93	5094	7
93	5095	2
93	5096	3
93	5097	6
93	330	1
93	1931	1
93	335	1
93	5098	2
93	5099	3
93	5100	2
93	5101	3
93	343	1
93	344	1
93	345	2
93	5102	10
93	5103	6
93	5104	4
93	2678	2
93	5105	1
93	5106	1
93	5107	1
93	5108	1
93	5109	3
93	5110	4
93	5111	1
93	5112	1
93	5113	1
93	5114	1
93	5115	1
93	5116	1
93	1505	6
93	5117	1
93	5118	1
94	640	22
94	377	1
94	646	2
94	5119	5
94	5120	4
94	5121	2
94	5122	3
94	5123	2
94	2094	1
94	5124	3
94	5125	8
94	5126	1
94	5127	2
94	13	1
94	5128	1
94	5129	1
94	5130	1
94	5131	1
94	5132	1
94	5133	1
94	5134	1
94	5135	1
94	5136	1
94	5137	1
94	5138	1
94	5139	1
94	5140	1
94	5141	1
94	5142	3
94	5143	1
94	5144	1
94	5145	1
94	5146	1
94	5147	1
94	5148	1
94	5149	1
94	5150	1
94	5151	1
94	5152	1
94	5153	1
94	5154	1
94	5155	2
94	5156	1
94	5157	1
94	5158	1
94	5159	1
94	3952	2
94	5160	1
94	78	33
94	4830	1
94	4831	1
94	1252	2
94	4859	1
94	4865	2
94	5161	1
94	2104	2
94	5162	4
94	5163	1
94	2106	1
94	2235	2
94	5164	1
94	5165	2
94	5166	8
94	5167	1
94	3343	2
94	5168	1
94	5169	3
94	3344	3
94	2151	3
94	2152	3
94	2166	1
94	2169	4
94	4793	1
94	2181	1
94	2182	1
94	4185	1
94	2195	1
94	3400	2
94	4212	1
94	1051	1
94	1061	1
94	1382	2
94	2246	1
94	2248	1
94	4890	1
94	5170	2
94	4258	2
94	373	2
94	375	1
95	2885	1
95	1836	3
95	3735	1
95	3921	61
95	1101	2
95	5171	4
95	2267	1
95	5070	3
95	1508	7
95	1511	1
95	1110	1
95	4	5
95	3865	1
95	2886	3
95	2	2
95	3916	1
95	1127	2
95	3876	2
95	3877	1
95	17	9
95	18	1
95	19	1
95	23	1
95	24	1
95	25	5
95	26	8
95	1888	1
95	5172	3
95	35	3
95	3891	1
95	39	6
95	1897	1
95	1533	4
95	47	2
95	49	1
95	5173	7
95	55	1
95	1558	15
95	5174	5
95	5175	3
95	1900	1
95	5176	2
95	5177	1
95	5178	2
95	5179	1
95	5180	1
95	5181	1
95	1563	2
95	5182	1
95	5183	10
95	5184	1
95	5185	3
95	5186	1
95	5187	1
95	5188	4
95	5189	2
95	5190	1
95	5191	1
95	5192	1
95	3986	2
95	1576	1
95	5193	1
95	5194	1
95	5195	1
95	5196	1
95	5197	1
95	5198	2
95	5199	1
95	5200	1
95	3978	2
95	5201	1
95	1381	3
95	3909	3
95	2821	1
95	1169	1
95	1909	1
95	5202	1
95	5203	1
95	497	1
95	5204	1
95	504	1
95	505	2
95	507	2
95	5205	3
95	2055	1
95	5206	1
95	878	1
95	886	1
95	893	1
95	543	1
95	904	1
95	502	1
95	908	1
95	2263	1
95	923	1
95	931	1
95	5207	1
95	944	1
95	959	3
95	962	1
95	971	3
95	972	1
95	5208	1
95	978	1
95	2517	1
95	1390	4
95	3926	1
95	2560	1
95	2564	1
95	1396	1
95	2571	2
95	4793	2
95	603	1
95	4948	1
95	3764	1
95	5209	1
95	1353	2
95	5210	1
95	4794	1
95	2716	1
95	1149	1
95	3805	2
95	1041	1
95	1046	2
95	3810	1
95	4720	1
95	2592	2
95	3408	1
95	319	1
95	320	3
95	1461	1
95	2052	1
95	2581	1
95	1930	1
95	2678	1
95	3806	2
95	3056	6
95	1540	1
95	1505	1
95	1507	1
96	4855	1
96	5211	1
96	5212	1
96	5213	1
96	5214	1
96	72	1
96	5215	2
96	5216	1
96	2659	1
96	78	2
96	2664	2
96	5217	1
96	594	1
96	4258	1
96	5218	3
96	5219	2
96	1230	1
97	4626	20
97	1835	6
97	1	1
97	328	1
97	2	1
97	3855	1
97	1848	1
97	5072	1
97	2290	2
97	3906	2
97	2284	1
97	5220	6
97	2886	1
97	3869	2
97	1870	2
97	1123	1
97	1126	1
97	3919	1
97	17	2
97	4674	17
97	25	7
97	26	5
97	1433	2
97	5221	2
97	35	2
97	3893	1
97	47	1
97	1162	2
97	54	2
97	1547	3
97	1900	1
97	5203	1
97	5222	1
97	5223	1
97	5224	1
97	1575	1
97	1578	1
97	5225	1
97	5226	4
97	5227	4
97	5228	6
97	5229	9
97	5230	12
97	5231	1
97	5232	1
97	5233	1
97	5234	1
97	5235	2
97	5236	1
97	5237	4
97	5238	2
97	5239	1
97	5240	8
97	5241	2
97	5242	1
97	5243	1
97	5244	1
97	5245	1
97	5246	1
97	3910	1
97	5247	2
97	5248	3
97	5249	4
97	5250	1
97	5251	1
97	2422	3
97	5252	1
97	1905	1
97	5253	2
97	2896	2
97	5254	1
97	5255	2
97	5256	8
97	5257	2
97	5258	1
97	5259	1
97	5260	1
97	5261	2
97	5262	1
97	5263	2
97	5264	1
97	5265	2
97	5266	1
97	5267	1
97	5268	1
97	5269	1
97	5270	1
97	5271	1
97	5272	1
97	5273	1
97	5274	1
97	5275	1
97	502	1
97	5276	1
97	504	4
97	505	5
97	5277	1
97	507	1
97	2054	3
97	2057	2
97	514	5
97	515	1
97	2050	3
97	870	1
97	5278	10
97	873	1
97	875	1
97	876	9
97	2333	1
97	527	1
97	879	3
97	885	1
97	888	1
97	891	1
97	892	1
97	897	1
97	550	1
97	5279	1
97	555	1
97	908	2
97	911	3
97	912	2
97	4705	1
97	5280	1
97	922	1
97	923	2
97	926	2
97	5281	1
97	946	4
97	949	14
97	950	3
97	1906	3
97	952	1
97	953	1
97	957	2
97	1915	1
97	963	1
97	964	1
97	5282	1
97	979	1
97	951	5
97	3939	1
97	1390	6
97	1392	1
97	5283	2
97	1393	3
97	5284	1
97	587	1
97	2562	3
97	871	8
97	3752	2
97	5285	1
97	344	5
97	3758	5
97	603	2
97	5011	1
97	604	2
97	3768	4
97	1402	2
97	3776	1
97	3785	1
97	1028	1
97	3411	1
97	3798	1
97	3809	3
97	1434	1
97	327	22
97	319	1
97	3015	1
97	3017	1
97	1452	1
97	1453	1
97	1454	1
97	1455	1
97	4681	2
97	1461	2
97	2634	1
97	584	1
97	4727	1
97	4728	1
97	3038	1
97	335	1
97	339	4
97	5286	2
97	342	4
97	1092	2
97	345	1
97	3048	1
97	3942	2
97	487	2
97	1380	1
97	4732	1
97	4696	4
97	1506	1
97	4739	7
98	4793	1
98	5287	1
98	5288	1
98	5289	1
98	5290	1
98	347	1
98	3872	1
98	640	1
98	2514	1
98	590	3
98	27	1
98	3406	1
99	1101	1
99	1200	1
99	1508	1
99	893	3
99	1513	1
99	1515	2
99	1853	1
99	1107	1
99	4655	1
99	4656	1
99	4662	1
99	6	1
99	1869	1
99	1870	1
99	1125	1
99	1906	1
99	18	5
99	25	15
99	1149	1
99	36	1
99	37	2
99	38	1
99	39	1
99	1898	2
99	1538	2
99	49	2
99	1901	2
99	1089	1
99	1562	1
99	2331	1
99	3981	1
99	5178	1
99	3978	1
99	5291	1
99	2384	2
99	3739	1
99	5224	1
99	2051	1
99	1169	2
99	5292	1
99	491	1
99	1929	1
99	502	1
99	326	1
99	519	1
99	5293	4
99	5294	2
99	5295	1
99	5296	1
99	5297	2
99	5298	1
99	5299	1
99	5300	1
99	5301	1
99	5302	1
99	5303	2
99	5304	1
99	5305	1
99	5306	6
99	5307	1
99	5308	1
99	5309	1
99	896	2
99	5310	1
99	5311	1
99	5312	1
99	5313	1
99	5314	2
99	5315	1
99	5316	2
99	5317	1
99	5318	1
99	5319	1
99	5320	1
99	910	1
99	561	2
99	5321	1
99	17	4
99	956	4
99	959	1
99	3746	14
99	4791	1
99	1389	1
99	1390	2
99	2601	1
99	5322	1
99	3927	1
99	2564	1
99	2573	1
99	2574	1
99	1353	2
99	1400	1
99	3769	2
99	3772	1
99	1174	10
99	1026	1
99	1413	1
99	3944	1
99	327	3
99	1176	3
99	3249	4
99	3024	1
99	886	1
99	1157	3
99	1930	2
99	5323	1
99	5097	1
99	5088	1
99	334	4
99	339	2
99	5102	2
99	891	1
99	3806	1
99	5324	1
99	1177	1
99	4892	1
99	4737	1
99	1507	1
